92.13025780189959 61.413843888070694
92.94436906377204 61.56111929307806
92.67299864314789 60.67746686303387
8.412483039348711 4.418262150220913
6.1058344640434195 4.418262150220913
7.462686567164178 4.712812960235641
8.005427408412483 3.6818851251840945
10.719131614654003 87.77614138438881
8.683853459972863 86.74521354933727
92.26594301221166 62.15022091310751
12.347354138398913 44.62444771723123
63.36499321573948 7.363770250368189
6.7842605156037985 3.3873343151693667
96.6078697421981 5.007363770250368
96.87924016282226 97.05449189985272
9.226594301221166 88.51251840942562
47.18215415214238 49.81345754226509
41.1374536308801 47.069327844002814
50.39608055039609 53.720537748369054
51.74995987861958 61.15619454739475
53.48648309598576 53.191642968125784
37.86248968278796 55.98329987901808
50.873098018353424 67.24122557597613
47.357321330998516 56.30308386202657
50.752510220050496 55.989195720703
49.31204991682276 64.41658144731251
48.73066860019341 43.590386634980284
46.334537855880534 52.75521440171762
57.70419248840103 68.22629810039814
44.98418092250903 48.134453923484614
52.27739269555828 49.41190087959983
38.88646612342097 50.115448155036965
53.6553314709041 50.80078351760622
59.97714173560422 62.4002848583051
57.450897856974834 71.9189921410988
53.51034429676472 54.700401380034194
40.6457968747645 67.68701657551563
37.126482939543514 57.07132129392858
38.166732778288605 72.00244720931606
53.33456796564954 62.697008936385664
55.68188051132885 50.16114796896526
51.68880352965829 53.650142135163094
45.875547738684176 52.05146483528033
46.40941128726312 46.696953268367956
56.45027867865291 59.12842129132373
34.451849582305634 71.48804707517189
40.592281116448284 53.058625595056085
59.79394376880227 45.34064084438996
43.519958129030925 52.98701199522455692.13025780189959 61.413843888070694
92.94436906377204 61.56111929307806
92.67299864314789 60.67746686303387
8.412483039348711 4.418262150220913
6.1058344640434195 4.418262150220913
7.462686567164178 4.712812960235641
8.005427408412483 3.6818851251840945
10.719131614654003 87.77614138438881
8.683853459972863 86.74521354933727
92.26594301221166 62.15022091310751
12.347354138398913 44.62444771723123
63.36499321573948 7.363770250368189
6.7842605156037985 3.3873343151693667
96.6078697421981 5.007363770250368
96.87924016282226 97.05449189985272
9.226594301221166 88.51251840942562
47.18215415214238 49.81345754226509
41.1374536308801 47.069327844002814
50.39608055039609 53.720537748369054
51.74995987861958 61.15619454739475
53.48648309598576 53.191642968125784
37.86248968278796 55.98329987901808
50.873098018353424 67.24122557597613
47.357321330998516 56.30308386202657
50.752510220050496 55.989195720703
49.31204991682276 64.41658144731251
48.73066860019341 43.590386634980284
46.334537855880534 52.75521440171762
57.70419248840103 68.22629810039814
44.98418092250903 48.134453923484614
52.27739269555828 49.41190087959983
38.88646612342097 50.115448155036965
53.6553314709041 50.80078351760622
59.97714173560422 62.4002848583051
57.450897856974834 71.9189921410988
53.51034429676472 54.700401380034194
40.6457968747645 67.68701657551563
37.126482939543514 57.07132129392858
38.166732778288605 72.00244720931606
53.33456796564954 62.697008936385664
55.68188051132885 50.16114796896526
51.68880352965829 53.650142135163094
45.875547738684176 52.05146483528033
46.40941128726312 46.696953268367956
56.45027867865291 59.12842129132373
34.451849582305634 71.48804707517189
40.592281116448284 53.058625595056085
59.79394376880227 45.34064084438996
43.519958129030925 52.987011995224556
35.597316601583934 66.45891519633005
46.15298575180339 64.11845037852669
39.4185145530464 59.05163052140766
47.10189896876406 38.2852265985665
43.19807772346345 46.29877901559528
35.93498961486241 47.68747231093251
51.25836370679333 56.37834268857416
47.816980999855275 55.08384316820785
55.19663717931142 59.36770285937442
39.952680046956125 45.35238167016228
53.961831726315566 66.61784584017619
46.38163195914019 69.87166180839297
51.36772335081612 48.93097511964362
50.4515422834959 49.95437411914563
55.15724448556465 50.008051057256
49.1237672722791 59.63722275421661
40.74961356803705 54.22368962964706
48.58501289480501 58.8576635589936
52.61894823046035 50.90510076980186
43.58969001116881 51.394572945658524
38.50397862308847 60.29286677778217
36.852664496164614 61.41186995488932
55.57744718465323 67.46606891523025
36.89223300011656 48.70856650266224
56.43783377484933 60.94933606624402
42.00466660482199 53.372579582280466
45.204309972977335 57.558970328759884
43.32178978270387 68.04255552170176
53.376009387347864 48.24401782839317
43.433043570227646 54.19851620003537
43.988153567974344 55.88824706227433
51.839558230979186 51.797557347730226
40.45092100532215 52.24838513266493
42.39219758979877 56.33003770689922
53.10395924654836 55.94072972447418
48.590341033110654 53.689338279452706
47.66329679145385 52.746041415532396
45.28955381794467 53.99349992503293
47.43398644910578 61.96658110222138
44.229493261633564 68.41997005716752
43.458878157630615 61.5543380449842
35.597316601583934 66.45891519633005
46.15298575180339 64.11845037852669
39.4185145530464 59.05163052140766
47.10189896876406 38.2852265985665
43.19807772346345 46.29877901559528
35.93498961486241 47.68747231093251
51.25836370679333 56.37834268857416
47.816980999855275 55.08384316820785
55.19663717931142 59.36770285937442
39.952680046956125 45.35238167016228
53.961831726315566 66.61784584017619
46.38163195914019 69.87166180839297
51.36772335081612 48.93097511964362
50.4515422834959 49.95437411914563
55.15724448556465 50.008051057256
49.1237672722791 59.63722275421661
40.74961356803705 54.22368962964706
48.58501289480501 58.8576635589936
52.61894823046035 50.90510076980186
43.58969001116881 51.394572945658524
38.50397862308847 60.29286677778217
36.852664496164614 61.41186995488932
55.57744718465323 67.46606891523025
36.89223300011656 48.70856650266224
56.43783377484933 60.94933606624402
42.00466660482199 53.372579582280466
45.204309972977335 57.558970328759884
43.32178978270387 68.04255552170176
53.376009387347864 48.24401782839317
43.433043570227646 54.19851620003537
43.988153567974344 55.88824706227433
51.839558230979186 51.797557347730226
40.45092100532215 52.24838513266493
42.39219758979877 56.33003770689922
53.10395924654836 55.94072972447418
48.590341033110654 53.689338279452706
47.66329679145385 52.746041415532396
45.28955381794467 53.99349992503293
47.43398644910578 61.96658110222138
44.229493261633564 68.41997005716752
43.458878157630615 61.554338044984235
45.50230136684215 55.65076372092026
36.27854801239492 63.34145086127957
48.310601322360206 57.44951545676613
43.99948022140076 56.09782507398264
51.4619494861287 49.968917765491845
45.60835553886322 47.610172778412796
29.8301274256324 54.12341225744045
48.62894101603127 54.321316000819785
58.15489357692828 51.969846311471166
53.066692182976475 65.62932199862172
64.37329927583697 59.62850509689252
52.32562815883695 52.44401362233751
44.93708322912877 65.47786516523904
38.3471662958449 47.45461581395493
49.53658121951853 46.36988129171811
47.622003339014654 60.21727487677817
38.57496977158735 62.91957980003037
44.10920090872643 77.18583012107125
55.46413964451291 58.3694965382374
49.33283194866972 56.77615937459939
49.49400330558934 53.91331270310532
54.433246239083964 61.58422269927604
54.400330091125184 68.81463667035965
42.89652264627803 64.65814997680475
42.87755000849534 58.49503766956605
45.78177019869032 60.11122577154468
71.33728046578031 69.48614576526924
45.266543281765586 51.45768507117329
45.723681861526636 61.23287364878749
54.25605780688001 71.35560630670253
52.15958840004325 65.16498192379171
48.342764762417836 53.01287452558623
40.409198045615945 53.830691723189304
36.756435421867366 37.216533961495216
47.33092014340702 39.9027699647059
42.82283690126796 63.82385333838858
53.89309372127019 50.12877044735114
46.86217790333049 51.552771479752124
48.56681808031717 50.465557365579
41.399969962493955 49.09379260592785
44.98567456071556 69.14795450527161
50.51870442174612 64.15896810287323
51.71319591130668 53.67819357746476
40.8248974680001 50.286466233086536
60.14132723859203 53.75583514306883
42.95588735465487 58.43695166018145
57.190805677088996 64.59068607243017
59.95061255751194 70.58394668345493
51.7198105366022 66.357218078895
47.155826314732224 48.311188338732855
49.49215538641965 63.270872977409354
44.370779051332384 65.93790851463214
40.80108805926257 59.191097182115236
45.86061322281371 61.48981078783036
41.168197623390085 67.75775432392884
55.343363993484076 49.93875917305044
59.57105980835109 47.170779281130166
40.77221030240622 62.99305847323675
55.36303834467389 52.13855653076684
57.28922112125121 50.97247948462306
50.332071536217086 46.702477917796415
50.32848352023067 49.55383771604234
38.68700351757754 56.017509177221406
44.54953194346034 64.91675849807204
52.791237857805115 61.72166960892768
50.3625120136157 55.5097076502871
40.27329152867327 61.197283494795855
56.11735976314224 43.177645823245534
48.36959556944689 56.149962515950904
49.826220958177544 52.235058753202736
36.87391541597529 51.72674338468306
43.83338495752358 45.37586458175253
46.78352500207332 67.74014558533166
43.57006931296047 51.38666698639807
45.66496114748317 59.364856099468454
42.3587513937627 52.24782801948331
52.0995440892275 63.22723335225784
46.7641489439652 66.32019377344011
51.08478708752375 61.87987470691081
41.78309226474949 56.79533500422298
37.69530668139756 42.40318150242567
56.958329554617094 59.04357216967553
56.63410334208764 60.3606579872641
46.45618072947492 57.58979314961836
40.976265858250244 59.02783093108196
46.571096878393156 53.76061302165205
58.82060889668583 55.47432377487671
51.300184287046555 64.46731165190019
41.503655877575135 71.044549862624
49.18276690871857 47.01223172870422
43.04296229507935 53.16518742691495
57.74374590751168 51.55972120808511
51.664293260968044 47.30022775652313
69.09499908763476 56.31668407190175
54.6257065466377 46.30509355066899
45.664807478691905 63.79365826127472
41.85611322986658 50.60710766425712
39.892018167986784 52.90445020001733
39.325246244137894 60.777809312880336
41.786184069470785 56.6014066998084
40.20959398288547 59.69942592947029
38.11161827655332 66.54996653846362
48.01272748669817 58.59296951322506
53.612897578792364 55.66577776002144
51.60036131587309 56.44059089750476
55.75673427285199 53.45771258917454
58.48685897729942 50.36893957871228
37.488263855274695 54.24165811064775
48.89838995410827 60.40637372389885
33.3492300519479 49.67876122861426
54.78609786942202 56.69918166678606
48.147818421998494 52.977122070280366
52.21785290143812 62.934419763867226
54.70198689518495 66.63672005902885
36.8280166955714 57.15667334611708
53.950122945369785 46.009337198351595
47.82773502563233 53.00151137390991
48.610767491956686 52.681894947912426
34.60830937934738 63.42282518762487
50.97630835225571 52.7780365476605
48.25833435577558 49.99666908353473
54.59522536466176 65.02634610880796
51.93993700041275 69.3477835389217
47.86101480266366 67.5265963545749
46.82478006967992 54.82592799956858
41.91218268249481 53.75244455739463
55.51837108373837 49.210452176779505
57.458097882669755 60.601642823514325
43.474759325584046 62.98976732761443
50.32274511279613 64.45189084463259
37.649352777136755 57.913591153565825
52.06837598684167 54.762646229729924
45.9339892025964 60.6523813325278
49.82362099062973 73.99104037623118
64.32573723717297 55.02567363110463
51.75224869354794 57.72847008888727
45.93974945271227 52.35171004164977
47.105555350009176 67.45727348474857
46.215107469515765 47.35934272498389
42.088945351469526 55.65315356446479
41.098453480408836 76.99877569566469
47.35379458964198 59.35891193721512
47.512345679957335 62.74162170715892
38.55502629582666 46.73841115019154
60.06294311209729 60.180552104438625
39.770543350702916 59.15272229178046
42.52511879703571 63.75058979510047
45.860831684192526 60.91348951382598
44.96888188915629 58.242577947027605
48.35680155427301 56.3821416289502
46.02745454571149 41.46887482154013
45.240620056616606 59.02076824583414
37.00981704988689 61.14416691080646
53.13564885138605 56.242644827294974
59.56938875179626 67.20312284998947
55.61646022805217 58.59953083149366
42.116029832910236 60.38605641709073
49.58815279343804 62.500222896219384
51.762037430988805 56.33589120613471
48.43709946841949 52.50220062964755
40.04790581466749 68.90105703693646
40.2918164073001 54.75995174669093
44.53838458503812 63.487516054363624
36.25855668285657 54.22152853255595
56.49798571633463 48.19881910870257
50.31685754706465 60.78542489904075
44.83679950779341 66.2004129224335
44.226854476149754 46.16242631868999
50.97198790160353 58.72158858191027
53.117279466273246 64.09685627841881
48.40435684571647 61.706528910438486
46.535149273511486 53.522423381857834
40.87260350407942 59.28022874665246
52.610113618946755 58.80720803607411
48.14885133174515 48.092380808293186
38.71980045273565 50.83157505706053
37.32243002557345 55.03482429629166
55.461798385924624 61.85233843982297
47.94066415398409 34.55103835820461
49.45500925750212 68.4064798608941
35.47840613436677 55.01569700289638
40.48745404213474 45.52854046088889
49.66889522978593 65.32595951649569
42.898432669811996 61.755898946963704
37.19955282024916 61.5650783884255
41.305821404426624 51.85337153851645
59.37102241676547 63.93521038841152
45.76447250288216 42.84534030167118
48.74421867636314 43.25695329541938
40.980789993803604 62.493315598710694
42.474271913710524 67.41836350323902
45.58605939808421 54.39276182325479
47.35687257663336 61.139694970868305
42.89953035635752 67.47132188278391
44.802560522368346 44.96829047925296
48.78253769045013 52.50163641647195
48.330535800962984 55.624626232822095
54.45256435283585 50.007582898149494
41.37331121578085 61.9760331784075
40.5496483807958 51.12404753982571
44.770281502896545 58.16852296852177
48.89150586419313 67.58218549504286
43.06467962174925 51.90100828489484
42.575578396715926 41.89346329345223
56.22555433260277 42.80589328004981
52.151201558962704 58.7032097359429
51.204817841852915 58.24772894707304
39.53400748917447 58.69206415027088
62.212767864562636 67.41538297405819
59.7626709467597 64.66170227677495
36.69485437752687 76.21507613462255
36.214686848572505 62.195828103195204
43.244339012962975 64.01299259137117
52.87422369275745 63.5240764270279
53.01365107766834 52.181771548935494
53.89688818854857 55.92328786807468
36.26732551128077 53.643989689941705
48.710856261612975 60.124962961090056
56.86492400453403 59.22928199337504
49.58152875303115 56.585324891077335
42.82505012296978 51.394522037139254
51.123605583908116 62.045206274851516
42.972058879536846 70.21163026497003
49.0653262790876 56.60888804384192
39.58839207961886 63.17725548641933
59.391933998586175 47.55146965707772
54.59918952007694 52.124370474301685
42.162769687656954 48.891970195677025
44.16110821953785 64.32130293262745
39.23011880364998 43.43893575928718
47.43038236390411 48.0367577914747
45.9406095636716 66.10466286648219
47.570308015307 51.581313093936224
42.651519531423894 49.06660549511294
42.879718660929186 47.59767662550451
36.72861224028399 48.084867644704104
46.988411678421855 51.1061203680095
48.06933834486401 52.473805151490716
41.31324256806334 60.95340506648803
44.48914750055767 56.0011821228747
44.09470663598185 49.62604527785976
46.2241816260638 61.954955750289066
41.476530027782005 48.12778802672257
32.647295334834524 59.410758524493545
27.800504175845564 55.25120637773783
37.586688644768465 40.23881725936308
48.110166783014755 59.89296637576904
47.51850542569209 40.87672059620772
38.29790383059748 51.93375281196545
47.61014683928237 51.35352263164239
55.142460777623256 66.77095374487827
53.80685660824095 65.77047117269723
50.562731721550094 50.54898033521232
31.748773070374025 63.70888804559729
49.625394228304295 51.62128779343212
48.15595917970452 65.79118573982578
48.46893796524908 54.73647640909189
49.392553969903744 67.02358715600853
43.331417084241494 65.91927409886907
47.34591144358566 57.25706613091439
36.08188518263766 56.27012541667964
57.31511784737664 54.833921815035744
48.801343766802006 47.98779441087085
32.482438852359174 49.13147760876741
47.46303257083294 42.54755695044858
48.938879422133695 57.555458651708015
65.20778607962707 57.67714761108416
48.402173240201165 62.689760185909314
47.28184504531855 61.314663326558616
55.665659541720245 67.19555618969368
60.82656980663539 42.41724086683802
47.1824932117493 65.42212500385487
50.32114479784474 54.468704439589985
39.73641349937031 60.480667829762716
41.46343930125937 54.910319645212404
45.59578482144734 46.1588206605957
58.49984680363621 60.70761789985899
58.83621102238147 51.82584507787973
39.80402945468142 53.742487672414605
60.34620843187096 52.367486895408156
49.97018939213064 55.287511734116165
35.13013478553965 60.00794142267583
50.516051116503135 60.652832184054986
63.9656898557336 55.80245726592875
61.64678850108382 75.98634674143817
44.9690642103936 60.223282070805126
44.24614233233784 55.44408730705346
53.29408432467743 57.56037997231414
54.247843048893664 51.97265565980464
45.92916368026597 66.88009749410354
48.511029749233685 63.21728051638797
37.34068977730709 56.30607750249342
64.59992541607386 58.684108556415296
45.14890214805566 55.07182098459907
39.66798086140385 61.74818294803245
31.96850055590563 56.85680044388014
41.86454654269017 45.4547216947655
41.6344478541167 69.68083906547608
49.30397874612979 49.461444494358254
49.14634151600518 66.97216051493156
38.474206460128016 59.04867047511946
44.64024216628459 56.9964476389923
32.29788205602209 51.01399262520218
40.8218363049505 63.241600294973125
52.816866823854255 43.07782341893856
49.58236530763305 67.76644127776636
48.34488722857212 63.86666778410922
43.49435306525183 36.690228827429
48.70326467010339 59.35346923467591
38.022304501295764 57.863772153422865
61.065500485414994 49.59344883900082
52.35209553205048 60.17714101732297
44.20855499288192 43.65318526375075
42.07887071023863 46.26318310551597
37.0031848454726 49.90606438485932
39.5001797656632 63.29824726408907
45.90723916606707 47.30122818278345
50.86529311287694 57.35516852680157
43.005529507485505 68.70501101965048
53.76350429743918 61.63715257868243
46.60095724109892 51.555639607021796
42.079265468845655 58.40141643697765
52.08965938766661 51.498876987117356
31.62925832764415 45.136751525497594
55.49165357568457 71.0803607520384
40.69637985847565 55.413028447842564
50.85073736588507 62.14570967581159
56.78407406186204 55.28665622396516
44.67933910614402 53.463893563662566
52.77438532856984 53.7249599363543
33.04839600525874 56.790827775036554
39.02158085637122 50.81991456914208
47.57548479726461 47.734324048573654
45.74610141922124 58.19506292568324
52.08668269570249 47.190806375740245
33.19826224499213 43.022687318541486
31.96537705896364 65.31309122398508
58.12924615110814 54.471554364290284
60.455598041178106 64.44396960675527
53.31475753761826 60.63925060996292
49.969979320367955 51.38077624718625
46.61807178169105 59.24853547280322
47.87316625052922 46.70041661803881
47.72552863973257 61.85466987963356
58.00959766811694 56.345306718531305
41.19903635458856 56.70159400650715
51.2294474668047 62.04238368652661
57.18159681988509 51.729275930033545
50.74869037620241 57.576884604688516
46.473639959772875 48.421299109557935
64.8461071253734 38.541498764071385
51.18104242187813 67.1499237246477
57.37778293740452 55.001394668092715
53.58903579560865 56.88632968469729
38.95244769903895 65.03479429602554
42.06273019792016 51.30449714052805
64.00438328677107 59.67099570990043
42.48531211805661 55.187905732328616
35.16821192915001 42.281519208692295
55.66067068485795 46.042963915501986
45.86438090188982 49.42793703650853
36.71615625829994 65.35261626606777
52.73780351171206 50.5433967173095
48.96143294148788 57.56416466713136
39.27246875242015 46.27617228282239
47.19019343996944 63.75252598477762
49.242912007364254 54.29821885911974
58.23126067675827 49.85430147912746
38.151421151035294 49.39943958369759
36.65030723856961 48.923060473037765
51.54809593321734 54.86604337088761
44.39079022802229 63.363912344406884
50.63978317619733 52.50780901115411
51.802075784104986 65.8386870320946
35.25913100852906 62.222730477622314
36.10864237369826 51.86297187704639
54.300201091074086 53.45708883943956
46.24979827245141 50.11166845795641
48.3659376539161 50.9717282915171
43.96974313042645 65.66374886419197
34.36253497709375 59.9344867781506
57.82984333692176 52.48297531562661
55.25843960104826 59.78157496468879
35.80693732789466 59.126739444123665
55.32492430005891 59.48985002082884
50.19653293777353 55.62079487835692
49.2183458760429 54.11382792984034
56.22847822332192 51.3104654711679
50.40526208234651 55.42720156700539
47.550013239813985 51.19019697783697
37.301813964419516 64.4160555844662
36.538693830632646 48.48359731485983
48.877690104432155 58.689879996331705
64.86412226664564 55.32646386329071
56.59799116937325 57.289659387530065
39.15779164972777 54.71633029017319
41.15711930350466 44.55778614816979
48.982399008852056 57.786523264789714
48.76885414983177 36.428217520109
42.89740846095603 64.63743399624589
45.7438810761687 59.123048392154644
55.47970717315057 62.86576150901189
48.08594820028069 43.90881579211175
47.72304441799599 61.814510722006474
27.63848331291564 53.03704092182411
43.71146033590546 56.30411101323484
54.934324788381836 59.720829365078686
38.10138862464596 57.603692332743506
41.97646580554956 44.0583483888914
48.77311223941767 48.187108217174966
54.37356449060555 63.300243947480936
39.26538811594767 47.44880672440363
48.94359883645756 56.172996622881385
55.4785266936213 64.79034285317783
56.49984419847448 45.49638853960992
57.52854085041047 55.05849605269144
56.55589476679388 58.0841579193606
32.6029650681281 55.36174610766111
53.51565025294532 61.58744845392425
49.32667673733459 44.80988858146654
37.73494515021445 56.804100663776815
57.20763440457273 52.64406226959392
54.269062316900985 57.90353015323547
58.94656940274301 51.29549662050521
40.14991011100573 51.852694042917456
49.38663667644938 50.64934514146291
42.21562305597206 47.05706556554675
41.79775506818644 42.069702982069224
56.459277227749105 53.98623447718395
46.46553079282839 59.45009065074881
40.361757399892575 70.51230312184063
34.56557534638171 45.54258207947548
40.74962137557798 63.396261144208296
49.68566720914515 55.37034008367711
47.36454508389715 41.20852591324665
48.60038560961477 58.54528419206554
40.49592993944884 56.203389198849806
44.216455324947006 51.95409855403968
48.36266221905586 62.985705327127114
32.3971759015645 51.12297764781238
44.481435036493735 50.87638691728762
40.01080655794516 72.77988803755885
50.51903783932382 66.93349037683411
49.36130131543241 48.337961672016924
42.31199620094767 54.98307973562528
45.69481805093793 55.68691297048118
32.55324977067556 68.0294679094458
55.17302928350202 57.770645513851214
41.02439696042538 53.85171966245763
46.301945219736936 50.94975817092413
53.02083757621776 52.248561471228406
45.870298778963125 56.19628789150539
50.774693720839934 55.888534534410326
50.15696915333918 58.76440340354063
53.4015081747408 57.777501833086106
42.12929692241069 51.79523222651595
56.86409306887782 49.24828388025943
45.064347223543145 66.64959398926985
64.95872554973963 50.299909870608985
46.48732913364869 61.99109290492759
55.791301304613164 44.18989129902821
44.535164228049474 54.559679588480826
50.31786551528475 50.94669503147369
47.298518517840215 55.8972855052575
44.5691344468547 64.20171797713436
43.33275303453206 45.952084429064456
54.453137932867044 45.87343905793769
39.873771372416705 55.611468997090164
48.364095254767534 67.49197541258596
39.701110153386395 55.219757120324516
43.643562827246946 62.30168701784806
36.78888327837061 68.65935517291246
41.40064302387904 61.490602693189814
48.93308303075792 42.42466758029413
40.30575265207429 46.07331971624548
55.46449886729605 53.02406761618164
61.86399435975892 63.263859444042644
53.663882050438325 50.92448779748483
58.250380765232435 50.7720809260381
56.78560890670622 54.338329198960366
57.1978204944377 51.226445832606174
48.41624287533644 52.152218131313234
45.17648821473605 51.80343261714459
50.692101524987244 51.00821226304434
58.96807755980041 54.536501621420285
53.04119287140554 60.09707881256519
52.54891777438186 56.35096999853438
40.33946276542876 60.53417976217897
48.892185316396606 58.77173114112946
32.03208774804877 52.25893859880313
53.64107349616379 61.878921023125564
55.37104268992499 54.583879042412676
41.10737129759861 34.60680635733393
37.76804393474095 58.367073832814164
48.2916631038633 54.65737521973928
50.95858322521688 48.50914101791986
48.68392722371168 51.357060330214196
54.743000081237284 46.673802210154356
49.78839203654216 60.687976468796926
58.091984868015714 44.431043612770125
45.96091704333015 59.46307089588754
43.487951319793325 56.53724964294297
48.56901259744273 34.573899555664525
48.27972384602348 68.42514489267298
45.344732501079996 53.001459744921405
47.781217701452675 72.83962745643599
51.57876983421955 62.282063477795056
47.10258791213959 58.92391431466629
39.64611265052383 51.086718589233016
51.4880619713011 67.10861574356815
48.80594691287529 69.4522767658964
64.79393186389365 53.30390469601035
48.62557750058609 55.65694425977876
47.329783023672206 63.792672068621606
41.41438695040426 53.93283646360519
50.75116527522636 58.374111302010526
34.89950207577088 55.35642130009416
47.46570220041092 61.41133125364375
31.011137384390103 45.579613086697925
39.86348675177848 52.20065049455008
42.389377977140114 48.292209329600574
41.64330728411524 37.943096685789534
50.76878805931516 58.96021293462144
36.41155657459336 51.014341922294406
53.60075586974277 62.25227290131961
42.6434607859371 51.12627974498793
61.693532128608 42.462285405712876
36.84893598169073 64.26633476777562
41.142384839524986 64.73040729093711
36.1933315682362 61.18613780403109
48.81759479524135 50.2017430464621
38.186866384355525 49.3247832044099
41.415339851896775 51.15191029417861
54.16217479696953 54.66854252884696
34.82266202739885 54.45137207019063
59.80228678384941 56.27004855334754
36.21612153196114 47.33592300742466
40.42380692374827 63.44941051234547
49.3016111867801 61.505934031744225
60.937087277621195 60.222790902565826
59.041868722520555 57.35192724913818
45.416995216546376 59.082262788563696
41.86209315814874 63.64813019534286
50.63200076031025 52.51565138540075
56.79939598355179 45.842008457083224
41.07159241746503 53.13442581475899
37.150047678520124 53.45455074251698
49.742969589035006 51.88797436330266
56.086498394918706 49.166543696336056
35.84410700891319 61.93663416928479
51.929267209292505 35.921686407289144
42.96114420350422 49.90987588482203
57.99059444891464 48.224648786873104
54.22512323687465 63.79853517550206
42.81129677647958 51.30137420479242
47.21117351694766 47.88902471601172
56.27410022067343 58.647455683474384
49.96763293746169 62.21412722857268
60.208937733326486 55.31928413314985
52.331503030442185 56.17913003244581
51.7574177444327 65.48917580014984
47.41994142910839 68.20430115953496
41.138640702651394 60.9599733338248
54.67500467289847 58.99717294068828
52.32004649595004 43.746518788898456
53.87585817198863 53.017255683018384
37.88044010526333 63.124396769673076
47.55760049879863 57.8271303656684
49.90662407590062 42.158977255237346
54.57012096385916 54.79989710673014
42.30142219840361 52.01400388688084
54.59218595074697 52.326842884143154
36.76857264522388 44.811960614738766
41.02185903668088 53.58183560210746
43.2805525812296 58.06785327517614
48.84490431609821 54.45330374731483
44.58078786128706 45.95678056861736
45.35550969808418 40.6099923526172
48.9451661621235 57.522886238737826
45.43438608970387 62.13440693618564
35.70233394697062 74.07520650367499
41.38780571147893 47.21248832494749
45.100865245736294 60.57001870843908
44.71342886413669 55.54361619029082
40.77902703174413 40.44788315930449
42.54222998102019 52.69556913025978
55.26340818644477 53.894232839301935
53.97850731066488 54.420835296748
50.411865457185336 68.28119136318948
39.27795093644729 65.1754446578667
32.75820374537928 44.15485634573592
45.02423792990091 64.14465801170877
41.83754243021099 53.332558675483945
42.80942844628567 58.453021959855135
47.20568837861191 65.39661896943649
43.32187185775514 50.7744804208257
51.737089370795665 54.85383716516492
43.81196777896552 54.85699905368357
43.05769512632517 55.88578465717483
47.52236965783315 59.24943386140279
50.44732944135638 48.99833160808653
54.730716225337105 53.39764105220177
44.1753267496891 47.19087585590774
50.283498844732435 54.42765422964177
53.46831525418709 53.75981712406974
50.44088809849174 60.81250369832176
50.2210043661281 63.86942442816069
51.60124224340086 50.77465044222579
48.805639496413015 66.17057956205944
64.52030777463055 67.36308930378722
50.4526707884631 56.318297871498594
45.480822710642386 51.642014825628046
63.14421166295864 64.69488054418485
62.24342494870112 55.35508590021249
40.23894651052623 58.792770200604394
36.91577347205939 58.21709167907934
47.203195215085366 55.15162157526664
46.10572128372511 57.79031414478889
42.11993368524774 52.85550865342986
48.79977033364759 58.82162894955791
40.95587419813287 53.584904131797494
53.00281809256335 66.0047631170541
43.280173013556976 59.17200983986049
37.90850246216074 57.68841557457362
41.54628292668447 54.51375060924568
54.56994272442305 62.15053332321667
34.06559394312874 42.431181549756595
38.21333954808549 52.79776352809792
50.493229374257155 63.27219809723058
47.66445013066274 67.64622598351023
46.347700315216294 58.350044585877484
50.39942610867105 63.08120825368309
62.93669257148233 57.49122642721275
51.16494067444125 68.61496837060398
37.771439389417296 68.10854375563099
40.40178431168267 47.0427258366394
44.442712804385124 54.11185125730006
63.54942073165913 56.87380693187374
46.08473189432767 56.52321045198103
41.037160184434676 45.66404191274781
46.52858447361504 51.914209070006855
52.53714093078283 66.22275525196076
41.915513985965326 63.090479939482655
46.753998821312486 60.52599720713998
50.64896677991961 58.242786286820284
53.230685870855545 59.139668871781566
57.006699027359254 57.61389208142417
48.52424929401355 56.103031971750795
42.299166724696505 55.697085894882804
71.95513592366972 47.29995748593454
41.75907383660859 58.32238090737454
46.96945576089214 63.02498042742391
44.202201791390394 78.52546623248317
43.43112962622925 53.894680087531654
45.227919204198756 53.06506182184384
48.75817945505785 53.98828395485557
50.50978132497139 57.71157527299544
49.46565048339146 58.324041457135934
49.29223883220872 54.8871521815936
50.03416445897666 51.360152925004
34.470996059279315 56.24249022350959
52.29142719244992 56.03712228227889
54.583045853314985 66.01421459371994
41.703431906049396 61.12456041006041
43.68624438971338 67.94716735836933
56.828261162683646 57.30889819227085
49.653736713654226 51.384546445882904
56.640649823460166 51.58271034291623
40.92970931270246 50.14878631586548
43.762059990217374 59.93688676950778
43.558645686796446 51.01053277464099
44.05393328825059 56.008635321666574
43.11833592204846 54.45059687122193
57.69796297716664 67.76769566185617
38.093367625063784 64.26523582576836
56.99824380574674 62.89621075558905
34.464047130054475 51.63339318685608
44.36138258226664 51.33499304400435
53.2923861314475 55.23960416080698
47.01087596690485 63.55804035192705
43.6226148874178 54.55806513976948
47.89892782967931 62.90724545308153
45.312301296472576 45.35318998043937
49.26872339772239 60.389494220522074
48.736423686406596 60.032051389059035
48.02225731827439 59.383788249814614
39.174210238855714 40.53078134734617
38.43706919727909 56.33318903022535
21.948467499755758 67.64477468746604
51.681050075741396 61.161378454516054
43.51460454682721 64.13645608481532
48.0252177612454 53.64579215120847
54.24079886347381 49.41155102002932
53.75577565036998 58.884670160729236
46.14073558983667 53.25307363354218
32.87249236076829 63.87377547714238
43.87024129982965 50.925551991334316
57.18375566451237 50.402569410151486
47.03284532069579 51.69954081603092
39.61435645570327 52.837100191682076
38.84056960874023 50.2178666262387
31.210855107568353 54.95003898122511
47.970559512274654 62.73023249805574
43.40584471606496 45.742006864592234
43.80829589826704 56.619768154814324
45.32093124607155 68.64174552460553
42.29201348262131 50.588597577322844
47.95840177196978 64.26531187004552
41.002826477142385 65.40800230014085
36.93535015337383 58.81080538343401
41.470641458834585 55.2063161463842
43.49512883164909 50.08715306479792
66.68070140436654 54.74231232873176
38.0816494975999 49.83923652429782
46.02687591363585 53.32160334142371
48.65505656019424 46.385064187057104
38.70852804414483 51.76322655245341
40.45733422592397 56.852955725054464
38.46583422779959 52.91555366619799
48.79657246203964 79.67579859180867
49.32643404166144 54.0092061802345
34.783200267700494 63.4794840754639
37.54504987537315 62.55302087308797
37.68700088945117 47.140111868995525
52.835565350131276 42.207897705587406
51.38792954727883 56.121802565664595
