68.40993494384752 62.93802201269543
59.228199268609806 68.00927607794686
71.1081338879951 65.69904360515636
58.598375905429656 57.625666739946965
67.39513217915552 65.18370053534154
56.71504918876038 49.09188975667393
62.22949974284503 63.50581816618871
59.04282440665551 59.69312616175283
72.65053567152293 59.99926439860486
67.13186594796173 58.24635193060361
52.26148697280715 59.057486322625685
60.40111687631066 60.263220326610856
64.6764585140222 65.7147335267401
69.03909385811893 59.45690645057442
59.28534576594482 60.005957379553855
61.65628180598121 61.04908539142012
57.509390054224696 59.464351785640865
47.34550153063106 63.72985402048948
58.09543846738667 67.07497298704945
64.11815598548456 62.62116123475877
62.65134028809063 56.37168975729271
59.116678776609675 61.01860514364699
61.67169681708101 54.51759227849985
65.5145022661291 60.62667376452563
63.78794554124138 70.18898406126634
62.25621752671932 65.95033855375986
54.91480934769232 63.02592436854574
69.363870476733 46.68294817756779
57.92529648190323 68.62605781020392
58.02450177904933 52.6687381536063
63.31607903520553 58.925979990619716
57.65924858298147 59.38081424395351
49.869802950823534 65.9833527164892
50.89508121824182 62.78132225406791
55.48845298055123 57.95243412490323
59.50730494197113 57.87956815060525
59.17604106714028 59.36384308584444
61.33918458283546 62.24560949406938
63.51815052082357 59.97724619049689
69.9973677486034 58.889162414728546
58.87079879315097 56.907913752966536
65.80114730829688 66.97719334071436
62.12007982202468 64.19997255715379
51.69833769593224 61.51650005001489
60.112906356865636 54.81817888066702
48.431596908507956 60.921714031722594
69.15512611183101 52.94646063690931
53.88487010274077 58.67903875979532
60.148492902387204 60.950886368089115
65.04185183681986 59.39375397929491
54.65175152815682 63.3513977960634
62.005553359162604 63.589013934695885
67.00953774358031 56.414249274047194
55.0627422652745 58.2512668430376
58.95372764276862 53.78946695479936
61.42441795226785 57.82618733664201
62.07366153689463 61.841173274258885
58.88288101319853 60.06814316618535
61.42919436074503 69.7396651324924
64.10902753866262 61.0172694902105
61.11083963214662 55.46491678795273
57.30639236063768 53.547453808678235
59.99266305658683 55.174038366280854
66.36962724454386 57.95228403617422
55.978011720500184 63.22511716833483
58.61400766080544 59.17862045377969
69.80467202292424 65.19594197264645
58.53170894610994 59.52905151598878
54.80371183130859 52.604459592493555
58.14762063060957 53.445672019168796
57.86129095221392 58.47604630123916
54.923358385418894 66.44475910679046
65.5974551117022 49.94184003131362
64.82278200579518 59.41163428462139
62.59577669837856 55.259556113764496
57.82366031283441 56.24477383901842
48.155029598180846 57.016895832175564
69.26857775715266 58.28875029544407
59.419905685593875 59.95692229155085
61.122710046894255 59.94886199596592
52.55970938486111 57.991718460220156
66.02652381864414 65.94776015641665
66.98464486784249 57.048447674259116
47.60969601838329 57.605780471990975
61.56148497580423 59.44759629290972
56.704542511418374 58.146723027111925
58.82100394809881 65.37942040455208
62.3991627763818 65.77775753581004
59.66419149373575 64.24603427093821
53.114557271518514 67.1022899636728
66.87312998710794 63.52894137692092
63.126232138423475 60.00237728315735
61.169346076386674 62.218677863832006
50.511668819347946 56.51665950376339
52.68397896041338 65.82816112391691
55.399429829092064 65.49042458592177
54.15270463121951 53.34112243511142
52.32838810038347 53.54845569155743
58.418684965396984 67.92138952114665
55.056933718745185 52.30608635627719
26.033820592694113 60.20269097105678
19.262270265120254 65.75089032005931
27.190786664295945 56.588972814901005
21.634543982222006 58.519321831737216
21.296098477585936 59.53254688647629
26.98492178676051 62.638419241663456
21.121220916527903 57.688682743827435
20.171967554780885 57.53519353237834
21.35981538609971 58.8759366552282
24.176816829569407 57.00460640411873
22.675935766817325 61.232516753084695
26.037413664388094 54.962906742152754
22.486808422378655 63.31050624564193
22.337404021173864 63.537198868902486
23.85499056354471 59.642468595421995
24.769902729548992 60.69220132721617
24.943256119372204 60.68572949671784
26.48208618345399 61.77178925976615
26.85025624081253 54.24811749600954
22.117276592827068 60.67189615051618
21.401050910661965 57.72806205847034
24.532549289549202 55.68360421087557
24.453126040607042 54.99657292787584
25.00716911976932 64.63834023145978
25.67613020442151 61.64742781733469
27.794343486558247 59.88539977562316
24.575894450352827 55.4260161563246
27.598868565355804 57.144026271970596
24.848243344099235 63.43911024713672
23.030354332778487 55.96183189484314
27.174549020308692 60.83193096314792
23.68602370297413 65.05896504753075
25.766239021251526 61.51757750801949
29.444041594482286 59.230683952397136
24.485502863288374 54.46015334342491
25.824903797090116 61.17616169828434
21.30084453762693 59.52660043161995
18.668524552159536 59.61367151629201
24.642794615415188 62.64128578250337
25.009319895315897 55.75279519794687
19.59634243528118 57.517095725944245
19.803439315381958 61.41367735109997
26.914629088113568 63.390752214301024
18.67605371000452 59.10438916186456
23.86744524833773 55.28041228864626
24.98386948879289 60.35210667814558
23.623351379512023 64.16811956906862
22.306647244619548 60.687770673253226
27.663910814723145 65.27359619938447
23.123938933724528 59.66583066806337
23.37835919435433 62.85915290711826
29.897532855419804 62.50183080524084
24.094763176919447 64.02434585637916
25.884228747910242 56.84008972257723
19.429374867692694 60.77264121090285
25.7193071085566 61.054781206430796
27.473913119908634 59.195904649898345
27.161360301965097 56.54232174463113
26.068723983691495 56.929092293776364
23.627405220833968 63.30190069409096
28.984334904554913 66.08595822630211
26.213567480177918 65.30730160386659
23.980968925838855 55.897139046065966
25.510830599130713 62.13775383795108
21.25035492302188 64.0186471420119
23.556478905057393 61.02361045820348
25.234323840161544 65.63774864079089
20.493963954573886 63.45462755686294
26.4801417183657 63.70188186481567
18.835050811625827 66.79651187284529
30.824963829920193 63.162265740376135
30.429377782813994 59.73712342848903
26.30265041277256 58.987820356798245
21.620920556029944 64.09401451538149
20.337457956676168 57.77235844033132
23.42208580398879 59.54093357798983
26.997798570041287 59.0657948725888
23.176303902175352 59.0423747029682
23.664200820432892 57.959403327845514
24.151432684674102 62.41576083274835
22.514639331763348 67.24376329692907
28.268448408303392 58.74945028289129
24.486985827233383 59.55250968571363
22.699146897159693 57.706097267079734
24.776682569212234 59.34032189449271
26.492549975099283 57.36435893991564
27.873277822130888 62.90261165546727
24.388997243459173 62.61903394544428
27.055904175765317 60.045265241798106
25.462469711456272 62.7216174210801
20.655844549109315 63.75347460091418
23.059530442932925 53.443780311769274
28.860231178961744 64.90957522589497
22.184736582257447 57.38376098837412
18.455293455436774 62.829493377148374
25.47690675640211 56.98197301810617
26.53817558180676 63.62731871316895
22.943487728300987 58.74458663174419
18.991093175366252 63.97692350123968
26.29111553791168 60.770760857169556
