51.38792954727883 56.1218025656646
52.83556535013128 42.207897705587406
37.68700088945117 47.140111868995525
37.54504987537315 62.55302087308797
34.783200267700494 63.4794840754639
49.32643404166144 54.0092061802345
48.79657246203964 79.67579859180867
38.46583422779959 52.91555366619799
40.45733422592397 56.852955725054464
38.70852804414483 51.76322655245341
48.65505656019424 46.385064187057104
46.02687591363585 53.32160334142371
38.0816494975999 49.83923652429782
66.68070140436654 54.74231232873176
43.49512883164909 50.08715306479792
41.470641458834585 55.2063161463842
36.93535015337383 58.81080538343401
41.00282647714239 65.40800230014085
47.95840177196978 64.26531187004552
42.29201348262131 50.588597577322844
45.32093124607155 68.64174552460553
43.80829589826704 56.619768154814324
43.40584471606496 45.74200686459224
47.970559512274654 62.73023249805574
31.210855107568356 54.95003898122511
38.84056960874023 50.2178666262387
39.61435645570327 52.83710019168208
47.03284532069579 51.69954081603092
57.18375566451237 50.402569410151486
43.87024129982965 50.92555199133433
32.87249236076829 63.87377547714238
46.14073558983667 53.25307363354218
53.75577565036998 58.88467016072924
54.24079886347381 49.41155102002932
48.0252177612454 53.64579215120847
43.51460454682721 64.13645608481532
51.68105007574141 61.16137845451605
21.94846749975576 67.64477468746604
38.43706919727909 56.33318903022535
39.174210238855714 40.53078134734617
48.02225731827439 59.38378824981461
48.7364236864066 60.032051389059035
49.26872339772239 60.389494220522074
45.312301296472576 45.35318998043937
47.89892782967931 62.90724545308153
43.6226148874178 54.55806513976948
47.01087596690485 63.55804035192705
53.2923861314475 55.23960416080698
44.36138258226664 51.33499304400435
34.464047130054475 51.63339318685608
56.99824380574674 62.89621075558905
38.09336762506378 64.26523582576836
57.69796297716664 67.76769566185617
43.11833592204846 54.45059687122193
44.05393328825059 56.008635321666574
43.558645686796446 51.01053277464099
43.762059990217374 59.93688676950778
40.92970931270246 50.14878631586548
56.640649823460166 51.58271034291623
49.65373671365423 51.3845464458829
56.828261162683646 57.30889819227085
43.68624438971338 67.94716735836933
41.7034319060494 61.12456041006041
54.583045853314985 66.01421459371994
52.29142719244992 56.03712228227889
34.470996059279315 56.24249022350959
50.03416445897666 51.360152925004
49.29223883220872 54.8871521815936
49.46565048339146 58.324041457135934
50.50978132497139 57.71157527299544
48.75817945505785 53.98828395485557
45.22791920419876 53.06506182184384
43.43112962622925 53.89468008753164
44.2022017913904 78.52546623248317
46.96945576089214 63.02498042742391
41.75907383660859 58.32238090737454
71.95513592366972 47.29995748593454
42.299166724696505 55.69708589488279
48.52424929401355 56.1030319717508
57.00669902735924 57.61389208142417
53.230685870855545 59.139668871781566
50.64896677991961 58.24278628682029
46.753998821312486 60.52599720713998
41.915513985965326 63.090479939482655
52.53714093078283 66.22275525196076
46.52858447361504 51.914209070006855
41.03716018443468 45.66404191274781
46.08473189432767 56.52321045198103
63.54942073165913 56.87380693187374
44.44271280438512 54.11185125730006
40.40178431168267 47.0427258366394
37.771439389417296 68.10854375563099
51.16494067444125 68.61496837060398
62.93669257148233 57.49122642721275
50.39942610867105 63.08120825368309
46.34770031521629 58.35004458587749
47.66445013066274 67.64622598351023
50.49322937425716 63.27219809723058
38.21333954808549 52.79776352809792
34.06559394312874 42.4311815497566
54.56994272442305 62.15053332321667
41.54628292668447 54.51375060924568
37.90850246216074 57.68841557457362
43.280173013556976 59.17200983986049
53.00281809256335 66.0047631170541
40.95587419813287 53.58490413179749
48.79977033364759 58.82162894955791
42.11993368524774 52.85550865342986
46.10572128372511 57.79031414478889
47.203195215085366 55.15162157526664
36.91577347205939 58.21709167907934
40.23894651052623 58.79277020060441
62.24342494870112 55.35508590021249
63.14421166295864 64.69488054418485
45.48082271064239 51.642014825628046
50.4526707884631 56.318297871498594
64.52030777463055 67.36308930378722
48.805639496413015 66.17057956205944
51.60124224340086 50.77465044222579
50.2210043661281 63.86942442816069
50.44088809849174 60.81250369832176
53.46831525418709 53.75981712406974
50.28349884473244 54.42765422964177
44.1753267496891 47.19087585590774
54.73071622533712 53.39764105220177
50.44732944135638 48.99833160808653
47.52236965783315 59.24943386140279
43.05769512632517 55.88578465717483
43.81196777896552 54.85699905368357
51.73708937079567 54.85383716516492
43.32187185775514 50.7744804208257
47.20568837861191 65.39661896943649
42.80942844628567 58.453021959855135
41.83754243021099 53.332558675483945
45.02423792990091 64.14465801170877
32.75820374537928 44.15485634573592
39.27795093644729 65.1754446578667
50.411865457185336 68.28119136318948
53.97850731066488 54.420835296748
55.26340818644477 53.894232839301935
42.54222998102019 52.69556913025978
40.77902703174413 40.44788315930449
44.71342886413669 55.54361619029082
45.10086524573629 60.57001870843908
41.38780571147893 47.21248832494749
35.70233394697062 74.07520650367499
45.43438608970387 62.13440693618564
48.9451661621235 57.52288623873783
45.35550969808418 40.6099923526172
44.58078786128706 45.95678056861736
48.84490431609821 54.45330374731483
43.2805525812296 58.06785327517614
41.02185903668088 53.58183560210746
36.76857264522388 44.811960614738766
54.59218595074697 52.326842884143154
42.30142219840361 52.01400388688084
54.57012096385916 54.79989710673014
49.90662407590062 42.15897725523735
47.55760049879863 57.8271303656684
37.88044010526333 63.12439676967308
53.87585817198863 53.017255683018384
52.32004649595004 43.746518788898456
54.67500467289847 58.99717294068828
41.138640702651394 60.9599733338248
47.41994142910839 68.20430115953496
51.7574177444327 65.48917580014984
52.331503030442185 56.17913003244581
60.208937733326486 55.31928413314985
49.96763293746169 62.21412722857268
56.27410022067343 58.647455683474384
47.21117351694766 47.88902471601172
42.81129677647958 51.30137420479242
54.22512323687465 63.79853517550206
57.99059444891464 48.224648786873104
42.96114420350422 49.90987588482203
51.929267209292505 35.921686407289144
35.84410700891319 61.93663416928479
56.08649839491871 49.166543696336056
49.742969589035006 51.88797436330266
37.15004767852013 53.45455074251698
41.07159241746503 53.13442581475899
56.79939598355179 45.84200845708322
50.63200076031025 52.51565138540075
41.86209315814874 63.64813019534286
45.416995216546376 59.082262788563696
59.04186872252056 57.35192724913818
60.9370872776212 60.22279090256583
49.3016111867801 61.50593403174424
40.42380692374827 63.44941051234547
36.21612153196114 47.33592300742466
59.80228678384941 56.27004855334754
34.82266202739885 54.45137207019063
54.16217479696953 54.66854252884696
41.415339851896775 51.15191029417861
38.186866384355525 49.3247832044099
48.81759479524135 50.2017430464621
36.1933315682362 61.18613780403109
41.142384839524986 64.73040729093711
36.84893598169073 64.26633476777562
61.693532128608 42.46228540571288
42.6434607859371 51.12627974498793
53.60075586974277 62.25227290131961
36.41155657459336 51.014341922294406
50.76878805931516 58.96021293462144
41.64330728411524 37.943096685789534
42.389377977140114 48.292209329600574
39.86348675177848 52.20065049455008
31.011137384390103 45.579613086697925
47.46570220041092 61.41133125364375
34.89950207577088 55.35642130009416
50.75116527522636 58.374111302010526
41.41438695040426 53.93283646360519
47.329783023672206 63.792672068621606
48.62557750058609 55.65694425977876
64.79393186389365 53.30390469601035
48.80594691287529 69.4522767658964
51.4880619713011 67.10861574356815
39.64611265052383 51.086718589233016
47.10258791213959 58.92391431466629
51.57876983421955 62.282063477795056
47.78121770145268 72.83962745643599
45.34473250108 53.001459744921405
48.27972384602348 68.42514489267298
48.56901259744273 34.573899555664525
43.487951319793325 56.53724964294297
45.96091704333015 59.46307089588754
58.091984868015714 44.431043612770125
49.78839203654216 60.687976468796926
54.743000081237284 46.67380221015436
48.68392722371168 51.357060330214196
50.95858322521688 48.50914101791986
48.2916631038633 54.65737521973928
37.76804393474095 58.36707383281416
41.10737129759861 34.60680635733393
55.37104268992499 54.58387904241269
53.64107349616379 61.878921023125564
32.03208774804877 52.25893859880313
48.892185316396606 58.77173114112946
40.33946276542876 60.53417976217897
52.54891777438186 56.35096999853438
53.04119287140554 60.09707881256519
58.96807755980041 54.536501621420285
50.69210152498725 51.00821226304434
45.17648821473605 51.80343261714459
48.41624287533644 52.152218131313234
57.1978204944377 51.226445832606174
56.78560890670622 54.338329198960366
58.25038076523244 50.7720809260381
53.663882050438325 50.92448779748483
61.86399435975892 63.26385944404264
55.46449886729605 53.02406761618164
40.30575265207429 46.07331971624548
48.93308303075792 42.42466758029413
41.40064302387904 61.490602693189814
36.78888327837061 68.65935517291246
43.64356282724695 62.30168701784806
39.7011101533864 55.219757120324516
48.364095254767534 67.49197541258596
39.87377137241671 55.61146899709015
54.45313793286704 45.87343905793769
43.33275303453206 45.952084429064456
44.5691344468547 64.20171797713436
47.298518517840215 55.8972855052575
50.31786551528475 50.94669503147369
44.535164228049474 54.559679588480826
55.79130130461317 44.18989129902821
46.48732913364869 61.99109290492759
64.95872554973963 50.299909870608985
45.064347223543145 66.64959398926985
56.86409306887782 49.24828388025943
42.12929692241069 51.79523222651595
53.4015081747408 57.777501833086106
50.15696915333918 58.76440340354063
50.774693720839934 55.888534534410326
45.870298778963125 56.19628789150539
53.02083757621776 52.248561471228406
46.301945219736936 50.94975817092413
41.02439696042538 53.85171966245763
55.17302928350202 57.770645513851214
32.55324977067556 68.0294679094458
45.69481805093793 55.68691297048118
42.31199620094767 54.98307973562528
49.36130131543241 48.33796167201693
50.51903783932382 66.93349037683411
40.01080655794516 72.77988803755885
44.481435036493735 50.87638691728762
32.3971759015645 51.12297764781238
48.36266221905586 62.985705327127114
44.216455324947006 51.95409855403968
40.49592993944884 56.203389198849806
48.60038560961477 58.54528419206554
47.36454508389715 41.20852591324665
49.68566720914515 55.37034008367711
40.74962137557798 63.396261144208296
34.56557534638171 45.54258207947548
40.361757399892575 70.51230312184063
46.46553079282839 59.45009065074881
56.45927722774912 53.98623447718395
41.79775506818644 42.06970298206922
42.21562305597206 47.05706556554675
49.38663667644938 50.64934514146291
40.14991011100573 51.852694042917456
58.94656940274301 51.29549662050521
54.269062316900985 57.90353015323547
57.20763440457273 52.64406226959392
37.73494515021445 56.804100663776815
49.32667673733459 44.80988858146654
53.51565025294532 61.58744845392425
32.6029650681281 55.36174610766111
56.55589476679388 58.0841579193606
57.52854085041047 55.05849605269144
56.49984419847448 45.49638853960992
55.4785266936213 64.79034285317783
48.94359883645756 56.172996622881385
39.26538811594767 47.44880672440363
54.37356449060555 63.300243947480936
48.77311223941767 48.187108217174966
41.97646580554956 44.0583483888914
38.10138862464596 57.60369233274352
54.934324788381836 59.720829365078686
43.71146033590546 56.30411101323484
27.63848331291564 53.03704092182411
47.72304441799599 61.814510722006474
48.08594820028069 43.90881579211175
55.47970717315057 62.86576150901189
45.7438810761687 59.12304839215463
42.89740846095603 64.63743399624589
48.76885414983177 36.428217520109
48.982399008852056 57.786523264789714
41.15711930350466 44.55778614816979
39.15779164972777 54.71633029017319
56.59799116937325 57.289659387530065
64.86412226664564 55.32646386329071
48.87769010443216 58.689879996331705
36.538693830632646 48.48359731485983
37.30181396441952 64.4160555844662
47.55001323981399 51.19019697783697
50.40526208234651 55.42720156700539
56.22847822332192 51.3104654711679
49.2183458760429 54.11382792984034
50.19653293777353 55.62079487835692
55.32492430005891 59.48985002082884
35.80693732789466 59.12673944412368
55.25843960104826 59.78157496468879
57.82984333692176 52.48297531562661
34.36253497709375 59.9344867781506
43.96974313042645 65.66374886419197
48.3659376539161 50.9717282915171
46.24979827245141 50.11166845795641
54.300201091074086 53.45708883943956
36.10864237369826 51.86297187704639
35.25913100852906 62.22273047762232
51.802075784104986 65.8386870320946
50.63978317619733 52.50780901115411
44.39079022802229 63.363912344406884
51.54809593321734 54.86604337088761
36.65030723856961 48.923060473037765
38.151421151035294 49.39943958369759
58.23126067675827 49.85430147912746
49.242912007364254 54.29821885911974
47.19019343996944 63.75252598477762
39.27246875242015 46.27617228282239
48.96143294148788 57.56416466713136
52.73780351171206 50.5433967173095
36.71615625829994 65.35261626606777
45.86438090188982 49.42793703650853
55.66067068485795 46.04296391550199
35.16821192915001 42.281519208692295
42.48531211805661 55.187905732328616
64.00438328677107 59.67099570990043
42.06273019792016 51.30449714052805
38.95244769903895 65.03479429602554
53.58903579560865 56.88632968469729
57.37778293740452 55.001394668092715
51.18104242187813 67.1499237246477
64.8461071253734 38.541498764071385
46.47363995977288 48.421299109557935
50.74869037620241 57.57688460468853
57.18159681988509 51.729275930033545
51.2294474668047 62.04238368652661
41.19903635458856 56.70159400650715
58.00959766811694 56.345306718531305
47.72552863973257 61.85466987963356
47.87316625052922 46.70041661803881
46.61807178169105 59.24853547280322
49.96997932036796 51.38077624718625
53.31475753761826 60.63925060996292
60.455598041178106 64.44396960675527
58.12924615110814 54.471554364290284
31.96537705896364 65.31309122398508
33.19826224499213 43.022687318541486
52.08668269570249 47.190806375740245
45.74610141922124 58.19506292568324
47.57548479726461 47.73432404857365
39.02158085637122 50.81991456914208
33.04839600525874 56.790827775036554
52.77438532856984 53.7249599363543
44.67933910614402 53.463893563662566
56.78407406186204 55.28665622396516
50.85073736588507 62.14570967581159
40.69637985847565 55.413028447842564
55.49165357568457 71.0803607520384
31.62925832764415 45.1367515254976
52.08965938766661 51.498876987117356
42.079265468845655 58.40141643697765
46.60095724109892 51.55563960702181
53.76350429743918 61.63715257868243
43.00552950748551 68.70501101965048
50.86529311287694 57.35516852680157
45.90723916606707 47.30122818278345
39.5001797656632 63.29824726408907
37.0031848454726 49.90606438485932
42.07887071023863 46.26318310551597
44.20855499288192 43.65318526375075
52.35209553205048 60.17714101732297
61.065500485414994 49.59344883900082
38.02230450129576 57.86377215342288
48.70326467010339 59.35346923467591
43.49435306525183 36.690228827429
48.34488722857212 63.86666778410922
49.58236530763305 67.76644127776636
52.816866823854255 43.07782341893856
40.8218363049505 63.241600294973125
32.29788205602209 51.01399262520218
44.64024216628459 56.9964476389923
38.474206460128016 59.04867047511946
49.14634151600518 66.97216051493156
49.30397874612979 49.461444494358254
41.6344478541167 69.68083906547608
41.86454654269017 45.4547216947655
31.96850055590563 56.85680044388014
39.66798086140385 61.74818294803245
45.14890214805566 55.07182098459907
64.59992541607386 58.684108556415296
37.34068977730709 56.30607750249342
48.511029749233685 63.21728051638797
45.92916368026597 66.88009749410354
54.247843048893664 51.97265565980464
53.29408432467743 57.56037997231414
44.24614233233784 55.44408730705346
44.9690642103936 60.223282070805126
61.64678850108382 75.98634674143817
63.9656898557336 55.80245726592875
50.516051116503135 60.652832184054986
35.13013478553965 60.00794142267583
49.97018939213064 55.287511734116165
60.34620843187096 52.36748689540816
39.80402945468142 53.742487672414605
58.83621102238147 51.82584507787973
58.49984680363621 60.70761789985899
45.59578482144734 46.1588206605957
41.46343930125937 54.910319645212404
39.73641349937031 60.48066782976272
50.32114479784474 54.468704439589985
47.1824932117493 65.42212500385487
60.82656980663539 42.41724086683802
55.665659541720245 67.19555618969368
47.28184504531855 61.314663326558616
48.402173240201165 62.689760185909314
65.20778607962707 57.67714761108416
48.938879422133695 57.555458651708015
47.46303257083294 42.54755695044858
32.482438852359174 49.13147760876741
48.801343766802006 47.98779441087085
57.31511784737664 54.833921815035744
36.08188518263766 56.27012541667964
47.34591144358566 57.25706613091439
43.33141708424149 65.91927409886907
49.392553969903744 67.02358715600853
48.46893796524908 54.73647640909189
48.15595917970452 65.79118573982578
49.625394228304295 51.62128779343212
31.748773070374025 63.70888804559729
50.562731721550094 50.54898033521232
53.80685660824095 65.77047117269723
55.142460777623256 66.77095374487827
47.61014683928237 51.35352263164239
38.29790383059748 51.93375281196545
47.51850542569209 40.87672059620772
48.11016678301476 59.89296637576904
37.58668864476847 40.23881725936308
27.800504175845564 55.25120637773783
32.647295334834524 59.410758524493545
41.476530027782005 48.12778802672257
46.2241816260638 61.954955750289066
44.09470663598185 49.62604527785976
44.48914750055767 56.0011821228747
41.31324256806334 60.95340506648803
48.06933834486401 52.47380515149073
46.988411678421855 51.1061203680095
36.72861224028399 48.0848676447041
42.87971866092919 47.59767662550451
42.65151953142389 49.06660549511294
47.570308015307 51.581313093936224
45.9406095636716 66.10466286648219
47.43038236390411 48.0367577914747
39.23011880364998 43.43893575928718
44.16110821953785 64.32130293262745
42.16276968765696 48.89197019567703
54.59918952007694 52.124370474301685
59.391933998586175 47.55146965707772
39.58839207961886 63.17725548641933
49.0653262790876 56.60888804384192
42.972058879536846 70.21163026497003
51.12360558390813 62.04520627485153
42.82505012296978 51.39452203713925
49.58152875303115 56.585324891077335
56.86492400453403 59.22928199337504
48.710856261612975 60.124962961090056
36.26732551128077 53.643989689941705
53.89688818854857 55.92328786807468
53.01365107766834 52.18177154893549
52.87422369275745 63.5240764270279
43.244339012962975 64.01299259137117
36.214686848572505 62.1958281031952
36.69485437752687 76.21507613462255
59.7626709467597 64.66170227677495
62.21276786456264 67.41538297405819
39.53400748917447 58.69206415027088
51.20481784185292 58.24772894707304
52.151201558962704 58.7032097359429
56.22555433260277 42.80589328004981
42.575578396715926 41.89346329345223
43.06467962174925 51.90100828489484
48.89150586419313 67.58218549504286
44.77028150289655 58.16852296852177
40.5496483807958 51.12404753982571
41.37331121578085 61.9760331784075
54.45256435283585 50.00758289814948
48.33053580096298 55.624626232822095
48.78253769045013 52.50163641647195
44.802560522368346 44.96829047925296
42.89953035635752 67.47132188278391
47.35687257663336 61.139694970868305
45.58605939808421 54.39276182325479
42.47427191371053 67.41836350323902
40.9807899938036 62.49331559871069
48.74421867636314 43.25695329541938
45.76447250288216 42.84534030167118
59.37102241676547 63.93521038841152
41.305821404426624 51.85337153851645
37.19955282024916 61.5650783884255
42.898432669812 61.7558989469637
49.66889522978593 65.32595951649569
40.48745404213474 45.52854046088889
35.47840613436677 55.01569700289638
49.45500925750212 68.4064798608941
47.94066415398409 34.55103835820461
55.461798385924624 61.85233843982297
37.32243002557345 55.03482429629166
38.71980045273565 50.83157505706053
48.14885133174515 48.09238080829319
52.61011361894676 58.80720803607411
40.87260350407942 59.28022874665246
46.535149273511486 53.52242338185784
48.40435684571647 61.706528910438486
53.117279466273246 64.09685627841881
50.97198790160353 58.72158858191027
44.22685447614976 46.16242631868999
44.83679950779341 66.2004129224335
50.31685754706465 60.78542489904075
56.49798571633463 48.19881910870257
36.25855668285657 54.22152853255595
44.53838458503812 63.48751605436361
40.2918164073001 54.75995174669093
40.04790581466749 68.90105703693646
48.43709946841949 52.50220062964755
51.762037430988805 56.33589120613471
49.58815279343804 62.500222896219384
42.11602983291024 60.38605641709073
55.61646022805217 58.59953083149366
59.56938875179626 67.20312284998947
53.13564885138605 56.242644827294974
37.00981704988689 61.14416691080646
45.240620056616606 59.02076824583414
46.02745454571149 41.46887482154013
48.35680155427301 56.3821416289502
44.96888188915629 58.242577947027605
45.860831684192526 60.91348951382598
42.52511879703571 63.75058979510047
39.77054335070292 59.15272229178046
60.06294311209729 60.18055210443863
38.55502629582666 46.73841115019154
47.512345679957335 62.74162170715892
47.35379458964198 59.35891193721512
41.09845348040884 76.99877569566469
42.088945351469526 55.65315356446479
46.215107469515765 47.35934272498389
47.105555350009176 67.45727348474857
45.93974945271227 52.35171004164977
51.75224869354794 57.72847008888727
64.32573723717297 55.02567363110463
49.82362099062973 73.99104037623118
45.9339892025964 60.6523813325278
52.06837598684167 54.76264622972992
37.64935277713676 57.91359115356583
50.32274511279613 64.45189084463259
43.474759325584046 62.98976732761443
57.458097882669755 60.601642823514325
55.51837108373837 49.21045217677951
41.91218268249481 53.75244455739463
46.82478006967992 54.82592799956858
47.86101480266366 67.5265963545749
51.93993700041275 69.3477835389217
54.59522536466176 65.02634610880796
48.25833435577558 49.99666908353473
50.97630835225571 52.7780365476605
34.60830937934738 63.42282518762487
48.610767491956686 52.681894947912426
47.82773502563233 53.00151137390991
53.950122945369785 46.0093371983516
36.8280166955714 57.15667334611708
54.70198689518495 66.63672005902885
52.21785290143812 62.934419763867226
48.147818421998494 52.977122070280366
54.78609786942202 56.69918166678606
33.3492300519479 49.67876122861426
48.89838995410827 60.40637372389885
37.488263855274695 54.24165811064775
58.48685897729942 50.36893957871228
55.75673427285199 53.45771258917454
51.60036131587309 56.44059089750476
53.61289757879237 55.66577776002144
48.01272748669817 58.59296951322506
38.11161827655332 66.54996653846362
40.20959398288547 59.69942592947029
41.78618406947079 56.6014066998084
39.32524624413789 60.777809312880336
39.892018167986784 52.90445020001733
41.85611322986658 50.60710766425712
45.66480747869191 63.79365826127472
54.6257065466377 46.30509355066899
69.09499908763476 56.31668407190175
51.66429326096805 47.30022775652313
57.74374590751168 51.55972120808511
43.04296229507935 53.16518742691495
49.18276690871857 47.01223172870422
41.503655877575135 71.044549862624
51.300184287046555 64.46731165190019
58.82060889668583 55.47432377487671
46.57109687839316 53.76061302165205
40.97626585825024 59.02783093108196
46.45618072947492 57.58979314961836
56.63410334208764 60.3606579872641
56.95832955461708 59.04357216967553
37.69530668139756 42.40318150242567
41.78309226474949 56.79533500422298
51.08478708752375 61.87987470691081
46.7641489439652 66.32019377344011
52.0995440892275 63.22723335225784
42.3587513937627 52.24782801948331
45.66496114748317 59.36485609946844
43.57006931296047 51.38666698639807
46.78352500207332 67.74014558533166
43.83338495752358 45.37586458175253
36.87391541597529 51.72674338468306
49.82622095817754 52.235058753202736
48.36959556944689 56.149962515950904
56.11735976314224 43.177645823245534
40.27329152867327 61.197283494795855
50.3625120136157 55.5097076502871
52.791237857805115 61.72166960892768
44.54953194346034 64.91675849807204
38.68700351757754 56.017509177221406
50.32848352023067 49.55383771604234
50.332071536217086 46.702477917796415
57.28922112125121 50.97247948462306
55.36303834467389 52.13855653076684
40.77221030240622 62.99305847323675
59.57105980835109 47.170779281130166
55.34336399348408 49.93875917305044
41.168197623390085 67.75775432392884
45.86061322281371 61.48981078783036
40.80108805926257 59.191097182115236
44.370779051332384 65.93790851463214
49.49215538641965 63.27087297740937
47.155826314732224 48.311188338732855
51.7198105366022 66.357218078895
59.95061255751194 70.58394668345493
57.19080567708901 64.59068607243017
42.95588735465487 58.43695166018145
60.14132723859203 53.75583514306883
40.8248974680001 50.286466233086536
51.71319591130668 53.67819357746476
50.51870442174612 64.15896810287323
44.98567456071556 69.14795450527161
41.39996996249396 49.09379260592785
48.56681808031717 50.465557365579
46.86217790333049 51.55277147975214
53.89309372127019 50.12877044735114
42.82283690126796 63.82385333838858
47.33092014340702 39.9027699647059
36.756435421867366 37.216533961495216
40.409198045615945 53.8306917231893
48.34276476241784 53.01287452558623
52.15958840004325 65.16498192379171
54.25605780688001 71.35560630670253
45.72368186152664 61.23287364878749
45.26654328176559 51.45768507117329
71.33728046578031 69.48614576526924
45.78177019869032 60.11122577154468
42.87755000849534 58.49503766956605
42.89652264627803 64.65814997680475
54.400330091125184 68.81463667035965
54.433246239083964 61.58422269927604
49.49400330558934 53.91331270310532
49.33283194866972 56.77615937459939
55.46413964451291 58.3694965382374
44.10920090872643 77.18583012107125
38.57496977158735 62.91957980003037
47.622003339014654 60.21727487677817
49.53658121951853 46.36988129171811
38.3471662958449 47.45461581395493
44.93708322912877 65.47786516523904
52.32562815883695 52.44401362233751
64.37329927583697 59.62850509689252
53.06669218297648 65.62932199862172
58.15489357692828 51.969846311471166
48.62894101603127 54.321316000819785
29.8301274256324 54.12341225744045
45.60835553886322 47.6101727784128
51.4619494861287 49.968917765491845
43.99948022140076 56.09782507398264
48.310601322360206 57.44951545676613
36.27854801239492 63.34145086127957
45.50230136684215 55.65076372092026
43.458878157630615 61.55433804498425
44.22949326163357 68.41997005716752
47.43398644910578 61.96658110222138
45.28955381794467 53.99349992503293
47.66329679145385 52.74604141553241
48.590341033110654 53.68933827945271
53.10395924654836 55.94072972447418
42.39219758979877 56.33003770689922
40.45092100532215 52.24838513266493
51.839558230979186 51.79755734773024
43.98815356797434 55.88824706227433
43.433043570227646 54.19851620003537
53.37600938734786 48.24401782839317
43.32178978270387 68.04255552170176
45.204309972977335 57.5589703287599
42.00466660482199 53.37257958228048
56.43783377484933 60.94933606624402
36.89223300011656 48.70856650266224
55.57744718465323 67.46606891523025
36.85266449616461 61.41186995488932
38.50397862308847 60.29286677778217
43.58969001116881 51.39457294565853
52.61894823046035 50.90510076980186
48.58501289480501 58.8576635589936
40.74961356803705 54.22368962964706
49.1237672722791 59.63722275421661
55.15724448556465 50.008051057256
50.4515422834959 49.95437411914563
51.36772335081612 48.93097511964362
46.38163195914019 69.87166180839297
53.961831726315566 66.61784584017619
39.952680046956125 45.35238167016228
55.19663717931142 59.36770285937442
47.81698099985528 55.08384316820785
51.25836370679333 56.37834268857416
35.93498961486241 47.68747231093251
43.19807772346345 46.29877901559528
47.10189896876406 38.2852265985665
39.4185145530464 59.05163052140766
46.15298575180339 64.11845037852669
35.597316601583934 66.45891519633005
43.519958129030925 52.98701199522456
59.79394376880227 45.34064084438996
40.59228111644829 53.058625595056085
34.451849582305634 71.48804707517189
56.45027867865291 59.12842129132373
46.40941128726312 46.69695326836796
45.875547738684176 52.05146483528033
51.68880352965829 53.65014213516308
55.68188051132885 50.16114796896526
53.33456796564954 62.697008936385664
38.166732778288605 72.00244720931606
37.12648293954352 57.07132129392858
40.6457968747645 67.68701657551563
53.51034429676472 54.700401380034194
57.450897856974834 71.9189921410988
59.97714173560422 62.4002848583051
53.6553314709041 50.80078351760622
38.88646612342097 50.115448155036965
52.27739269555828 49.41190087959983
44.98418092250903 48.13445392348461
57.70419248840103 68.22629810039814
46.33453785588053 52.75521440171762
48.73066860019341 43.59038663498029
49.31204991682276 64.41658144731251
50.752510220050496 55.989195720703
47.35732133099852 56.30308386202657
50.873098018353424 67.24122557597613
37.86248968278796 55.98329987901808
53.48648309598576 53.19164296812578
51.74995987861958 61.15619454739475
50.39608055039609 53.720537748369054
41.1374536308801 47.069327844002814
47.18215415214238 49.81345754226509
96.87924016282226 97.05449189985272
96.6078697421981 5.007363770250368
6.7842605156037985 3.3873343151693667
63.36499321573948 7.363770250368189
12.347354138398911 44.62444771723123
7.598371777476255 91.31075110456554
93.48710990502036 63.32842415316642
