5.698778833107191 7.511045655375552
92.80868385345997 8.689248895434462
47.218453188602446 55.22827687776142
44.64017378978851 18.72995964419105
48.975235234571294 16.31071440364828
45.69945091242477 28.17688214491913
35.70770042964666 21.001825077265877
42.819124838483425 24.09014101898722
44.8393298628426 26.58719231101767
44.73228522030408 19.4782568246399
47.4882549148812 22.93777368740278
44.528277296119796 19.979424138552638
49.62871414102441 23.086050494763132
41.570168604501674 27.934983667039383
43.20147428755799 21.97488563146927
48.643774217612034 19.56396160324898
45.31191360957993 22.772568669236843
45.258360624752115 18.480791240240627
41.814407435299486 17.846786146853695
40.29659860428547 24.69864916406181
40.56567102360175 19.4859140283431
42.13590330185219 18.337872235156034
49.27630958812973 17.04682358675285
40.62008276073526 20.653243866344383
38.08223933282462 19.986530588320683
47.182131358972065 16.64922692181781
48.24464697088926 20.56048966027155
47.04073534936653 22.753893883606704
43.84196992467983 17.690574767280022
43.64544170590351 22.78904642562807
42.19519875751428 21.90422625766169
41.12305289941291 16.906196556194285
42.42696491341167 21.213965891262333
51.0032700233287 20.619879480875927
44.824910680653325 22.50340072609298
45.719971415645404 23.158137870410243
46.088743681130964 23.135016471218638
46.43563781812056 24.878205203037833
47.04067698643817 24.620053465800446
40.73849274068261 22.984877660335147
44.34099580353379 25.008928800537518
51.41269214388188 19.485033675984386
48.855918430288966 21.81552847768553
41.02857448104338 21.691062107204832
38.54894670702081 19.91727345660574
51.057424047642684 24.718869244195016
46.690041100090966 24.561371192052164
41.054449589907506 21.50039806881132
43.75115322170019 23.18337124585308
40.87707024486968 20.105323926408886
46.65545659375313 10.381638376771033
46.55801277479972 20.09161614861911
50.05665854476589 17.83842788804393
45.40821377060879 24.723289288477947
41.86403133518323 22.060927109413072
45.90366624342824 24.629504938813987
42.671218993433925 23.936759099784798
44.48786719803757 28.579784784862287
39.925186376263255 26.69033068050644
45.126723234348994 15.322869172068538
40.95589736205848 14.77090346891109
45.38127886495583 19.060885955487304
44.491826809051545 21.800545589055048
48.55900814086546 19.376195085477292
42.45869735579821 26.945736401163185
44.51513477818576 17.742161073112168
40.858621666907965 21.340358860457183
48.264330404763164 17.61045196369526
45.50922315892155 15.413326679836109
50.85076837086 23.339386259530823
49.977855049257265 26.755741756964824
44.70872623873369 19.94823832462846
42.865803300359154 22.039766121077843
41.73568341629044 19.612769664682546
42.58730920404893 26.79580328948165
46.07675789662963 20.53173735409866
46.50981517022163 20.314701473255134
41.83218422741166 24.479967810049565
38.692123019058336 20.87457995055467
45.82536108200968 17.319079896704658
42.136483245496734 22.066873959775325
42.57495622051753 19.513045694340015
44.552230479216625 22.100618017221535
47.09048969929151 26.4763881118103
41.007858973581634 17.84561108885769
48.921934743860334 21.19016793235644
46.33197246567703 13.955953510404829
49.55471941304898 22.0275275593823
40.64810171825739 22.756125299994665
42.43386319208837 22.89943312707751
47.67740062181766 24.035440823078844
47.82173935727004 20.943732420608146
40.3499719617533 23.545462674338
46.264668996431 18.37248649544037
49.53255951884867 17.779072506704615
44.19948919773441 22.603825748835536
56.69182574538901 26.023627521002634
48.844634846721355 23.445605862096528
43.84881696839658 18.535170312035127
45.87561610894038 22.808971200135495
44.04967174106124 22.055041308770342
42.914626480981426 21.727909131192654
49.741058950941465 25.54645565672178
43.3526019375358 19.484167409040882
43.91604938704099 24.212705655332268
47.25876879528755 17.95928770061343
41.20644508808193 18.385788469782366
54.348043430481205 22.031104026692088
50.374523399349556 23.795554126529307
49.498212803376454 18.5882864658671
50.31254399685336 21.538556819828532
41.80206436801317 21.42235503128038
44.63460738459249 16.69659768922346
40.034174267342564 16.78891208224061
45.23730031645974 20.56635079410089
43.653152552895506 20.61488682619669
47.86157288536047 28.046285200188457
39.80558093303982 18.13682241986777
46.43339859031778 17.11986744816139
40.942643493551245 25.40100192082384
42.359011426417 11.577604347719397
44.05848074221721 17.416914201240495
44.466798233707934 20.334799624896554
45.57365232310001 16.848278457090185
44.34573371524972 21.262033273187562
41.49954460782801 16.880033885337
46.418466162358804 25.194958540147503
44.83842474765114 18.382548438389186
40.16631862151895 15.867017915981227
46.504785844854275 28.741677003356198
43.51282105452205 21.188836497575654
48.56808662698647 19.8131867889935
44.90634780423362 23.317348757141847
36.99273513600729 18.245532026454526
43.637129939437976 14.08924805364708
42.41552687846944 24.132326680725324
50.65629349927775 18.247365394991863
37.65235110742757 25.026160984255263
46.33981415733874 23.195660889495922
47.95527264049596 24.23112121003448
47.11352435724401 24.72023097927325
45.893730814463424 20.05631390780454
44.19267519148604 22.00454402279758
45.45095732368203 20.99816004106826
40.73354139445229 23.94980171105842
46.917254643640206 27.916323581694492
43.708142753861026 20.173214946956943
45.888800180173504 15.995075373006825
44.629272919357305 18.463192181995563
46.281896565741256 21.802377835650738
47.0880166276687 26.059709070140695
42.39738387923121 19.21453803322511
46.33469610063044 22.242997516382353
44.028335436338004 28.72327958487757
47.351618415680186 22.596702390188682
50.13197636021359 23.44465149864194
45.99287003852903 21.581345855432613
41.856598840756796 24.76950698627473
42.919766762814305 23.187909561590146
43.78889494262659 24.60712677860113
49.73713814092025 25.6593494213467
40.841885988897154 24.74249674934183
43.60906855323049 21.279908105448744
42.40655355347848 23.46474004349643
48.43980748453859 13.589300630459581
43.07021013326053 16.82239080351778
46.83926016995685 23.94409257632094
47.243411811422106 17.38389045738897
40.164390139624444 13.602428197342187
45.85556518701252 18.6978473184854
40.161879201571956 29.906869833958805
44.04223484680932 20.925800376209313
38.932135686610856 27.704876668530044
46.327038107228944 16.043736188478924
45.26809958397588 22.277345032993615
44.395600718656695 26.687984244737223
38.6367043819063 23.96374681680499
38.44170196235772 27.935584311932914
46.447680871246114 24.531206537650814
44.667215565305064 24.901491999892812
43.53210418239442 21.380288319295595
42.35649689647922 15.625116487609333
46.38999875468288 19.656063322160243
46.09088157505731 15.054040894926873
45.759672705332584 19.820262853063994
40.595277980924074 17.284907831721426
46.00171270239398 20.94599921507515
34.794478518694284 19.516819003172476
45.830870795417866 22.55838734356053
44.779330415015814 25.32657234251931
47.42556062278528 23.14880622113293
41.079475168112886 25.003951738848468
48.46022972156933 18.11207378867758
41.64849053391071 23.99948910179921
43.92723172132982 20.5997656550485
42.79656599220482 18.207706831679367
42.295485204150395 19.23816837591234
43.68883657526826 19.32509768049431
48.93631120824177 21.876371294262682
42.767627317332725 23.500652687033497
43.14212949698947 20.77609244425196
39.41565830811754 21.421113726677167
40.326215984432096 17.570497779731774
43.26982586606394 20.463198566359743
44.059864367749576 21.638497117932896
44.75327048763999 25.605084393699173
45.69354399342057 29.82675315940971
40.23725383775142 18.94909469027163
40.00605656222172 27.108353033779924
47.90403623248645 14.428018936434517
39.8755221352595 20.275350111284407
41.65423954421903 29.072926059563198
41.48132463030948 26.211152632020447
41.02725468219715 18.427132708399053
37.58200831877587 19.626070974107332
45.71981329054268 19.861600435435697
39.510061811954785 22.404474518455977
43.982589302009615 22.353823392989817
40.798805280741746 22.601251012321367
46.357233500210775 24.68043045159965
49.7730552980009 24.423116531698838
49.68823886687906 20.5887408470362
40.68062276042247 21.21778262806869
41.40399723939043 20.54752293991051
45.1635225857234 21.690813348974704
43.8659964633564 23.00510718885877
43.62031639887651 24.277708711756716
38.213457573608906 19.94855038744149
42.30427403986998 20.405046625358768
43.22239260518491 24.884759324179704
46.5145382018866 14.068679530455968
45.99781445617225 22.565739137604137
48.17574776108803 20.696243697169177
38.46228448828197 18.475406373750445
46.921292959254515 22.236252319489168
36.29200085000057 24.14791526112995
47.32723307262856 22.51482369053693
42.12913800732322 18.479451746170046
46.45847535800721 23.33230451654863
43.26460106337879 18.266350619973508
46.64370050133488 22.629491852536194
42.48957525156617 18.15880445711589
41.15304983453116 23.707308772761873
46.18431141380073 23.56345738322199
49.45372698332525 19.929904188038
45.85175901556983 20.785877167073096
40.322910122454196 19.393719235418867
41.284172522213225 17.574416468551497
35.639699266915954 20.967553532345278
45.540416230246656 17.561696657098697
46.69219566036881 20.72206182061289
49.140800504520044 22.200085977270287
45.51008131039104 13.927743808805227
44.5629935358746 23.454383370275337
42.31149963990018 18.676167974234094
52.64225207852938 13.192623878615295
48.62280517028495 25.672296508049865
44.88658284180237 19.672294909501996
45.989075208254334 24.764944756594414
40.63843408110069 24.283122263369716
51.23271642826614 25.140717728874762
43.8332194207071 18.32826437499413
46.09184710439142 13.084210013933884
43.43131385600491 23.753563898746364
39.702307313412305 24.139398592994056
41.46329636164524 16.96130094851455
45.09954010235375 20.21339107071396
49.51720886677956 22.622467659192104
47.69997900490128 19.567063265936458
38.10295057833594 15.512853641721842
43.82954749491736 23.02222464702328
44.85499391706879 17.22244128470618
40.90338046781078 17.895963883789978
48.078603895042136 22.063052122073675
41.35171680456716 19.26782024389917
42.80749786482808 20.089028103588646
46.5490889834075 13.217974335307431
39.732475515401774 14.217804107212512
43.445608967518005 17.956974817768604
42.261122473121276 17.034168019846412
47.77830735774986 19.67931577430994
45.7671525599395 18.39733984280139
41.59727073033931 18.390087592051945
39.98816598772482 16.436162079203623
48.19057624018661 23.094032087772586
43.38309048236525 29.0131228568696
48.253228659564115 24.2658739251354
45.69110594149059 21.297904565022332
40.52637924710989 22.145557987778247
49.49429120364341 23.438812693648174
46.77401041713043 24.595091083409397
45.35623007746548 20.308875848318795
46.61971786083166 21.629691488257816
43.1360250581336 23.123047450537427
45.54415174269943 24.318357176243794
44.469142291211 23.710238414009467
47.954665290932006 23.448316552488077
47.97617466155691 23.791384334321084
49.64830211068989 19.962163524280964
45.359543130005115 22.085451594952115
43.379117782772305 16.847837509653303
41.68467394955335 22.35705113582162
45.40265914515198 21.974232570796076
36.862993076072506 18.011099666732218
51.83883162543149 23.99810450470569
42.306304956633994 21.608544963303356
45.20084161379722 15.342840893731779
43.60117508242727 26.942691770296623
41.39493755803332 23.40796660582409
42.351597542386365 23.69565396715647
42.06909203006492 20.508014806425503
48.65124084639996 25.565290159933475
41.44171218501848 22.405217640249287
51.40003346022197 24.32704427474591
49.1524377885239 22.306270596693818
41.0173016016112 17.063483695701258
45.41514330953594 23.58921152763644
44.129181953125176 23.18716684516257
43.18045081363259 29.128172846237398
50.712918323331955 18.423362228248426
46.72162825123224 22.41908495256032
48.625910894158174 18.64638973295224
45.09993180022901 19.757662110638627
45.41452103673957 17.806235508293717
47.949261328282624 23.68626849238402
42.48642980378187 25.824588211724773
48.28467928528624 22.257745766455812
44.57699395394932 21.657970657994916
53.04473794185639 19.30984646691947
40.264019596084374 18.95216052481899
46.01146244030482 23.103988544160654
42.42091408173 22.59989028063209
49.09935514846169 15.940771401551205
42.19213911038657 23.060058845592135
40.944596498674315 23.38578554655636
42.52922838476855 19.333012352563202
41.08642993109558 19.921564663918176
43.18888255638648 24.170717296455337
49.99017189247873 23.110900987123298
46.37107520025886 22.149198170266363
46.99549236906 18.682212874192274
46.01447359523974 20.389435429879967
37.68859111736479 23.502771989784748
49.38548312414592 20.325672600548756
50.11460520952614 19.10179403198241
38.39883305246786 25.09577194215509
47.194750238156296 31.523638307778228
48.59938895403511 18.803775173515046
43.71384427777964 15.672038449137712
52.106744544249906 17.026904268225064
47.877569512409146 22.16289288770691
42.275750722208926 17.777625148605782
46.40807861160411 18.9100992369587
52.54217573672537 25.197587217748573
39.98090123778014 23.218883153556963
47.859102315658994 21.10427131749221
43.461284426123505 20.917583100449434
45.14762059554625 23.444324650482358
39.16501913364307 18.081069143622923
39.72146560690648 18.272186829590623
43.33582999211927 22.182769736497406
40.51220138917287 14.462380023510372
43.14948239776824 21.096665861218533
43.349873935887004 22.76781372786897
42.3822913831921 13.687961446392558
49.58917980601983 20.23329856729274
45.18492365846053 16.41463811595676
45.641363026814446 20.82443233127647
43.092803898653074 22.770163279068345
47.69054309834437 25.97328704338764
41.473685336708975 22.703711078276456
43.57342395843959 17.55335077286787
48.57919326129258 23.138787475356544
50.569206885417216 20.74008147142146
42.659460053154476 22.96757956948741
38.28255809546306 21.413319870216725
46.61407598514165 15.71161267577936
48.37988491211257 23.069115027109557
46.99219389434056 19.98722396670343
45.68699736405567 25.557042726088913
45.9873759028848 22.94513066840242
42.8303445019864 16.13265886939887
46.69142753295719 21.49092243121944
45.313601679980756 25.752116164272508
45.231997761063 20.71453907882059
45.458929401751966 23.723066539435923
40.97409380887741 25.683723155827288
40.388283351977265 15.493820873933956
39.4339497101229 20.730775767322395
45.27906232673377 21.89405489162217
46.794860146954 20.681079067941553
41.05731543509138 18.951425565270558
44.28531976142539 19.890718449594008
37.85719391468964 20.329085589169647
36.544513363630166 23.97557811040511
49.00358037528709 20.212249421796457
47.000547318283324 23.349789652133992
37.097693634800066 18.518287234898445
42.28333046266217 22.893778503009564
41.28644827688569 8.359273639092446
43.750568418649365 23.414176297083202
50.327169524150946 15.74876894233489
43.23756108449545 17.89715713143658
49.87408613015084 23.375088744662254
36.4561893481745 22.977582811598868
39.527034350811384 25.28474825543567
43.80161912226591 25.414656478080687
42.679237506703075 26.35639412030034
38.87428613942666 16.76807440462939
41.96113598855193 25.59116139406395
45.730430273689855 24.72347720606109
39.73134671415707 28.941081463749374
48.905771281089734 18.18830748902628
45.840994421464806 17.849069962370066
48.65969502842556 21.60638427260867
47.30501299277346 29.478345433753937
45.86816925718037 25.923357350593395
39.59371933192424 22.7541512421003
46.62485782375797 19.337344178584303
42.50485880154075 19.768907851637678
41.49195581826204 19.264457313344387
47.528917148540266 20.131974584456437
52.096209859109045 18.08972373248871
46.55676607952091 17.81857753374377
45.01634818688741 21.440621618984977
45.63928165282801 21.67122906446985
39.940576917283934 15.762937571381883
39.04556869898013 25.390563174520093
47.72087372158458 25.694461837850742
46.805387471949736 25.13436048910166
43.48922701242153 19.246212653085376
41.2521596378911 18.90506925005452
46.05234378164179 22.342533843903333
42.63438253677278 19.278429922442786
46.385055266845235 24.21740198874932
44.788309299670665 16.32420231279684
46.10405730101459 20.96947116851517
49.06884937622124 26.274237353424606
43.13364823319316 18.355023878790284
43.3768970907859 20.033842030145234
46.65840658629278 19.523825978325128
42.69727150151277 16.972156986593895
38.96059886587609 21.279875587170434
45.66081489283821 18.461563674970456
44.96905909451794 20.24863838939452
40.97664807912486 20.25141104989303
43.80950605497724 19.729767960223192
47.39984272627187 19.113188261439646
38.406181847796525 19.513928142305783
47.366853271570655 19.692589777237274
45.74512344598482 20.126890120246284
47.48462902256575 19.684920151097504
46.050477567799476 23.055562307307124
43.260281862863195 24.113232862729472
44.51365427824821 22.096311931995103
46.62832541623122 23.302616552232326
46.886472478602585 25.158823326791097
41.621813165715224 18.734167616666344
42.2989872051206 24.082191343574816
48.51512547714771 18.528877443196638
53.2372180852991 23.988355313441048
49.13138661844011 22.5201263957004
47.167773766169525 18.217766012154687
40.7277960825226 13.94296016837003
45.28048222170893 25.87252071623472
39.66473084423089 22.971727784707
40.85512392533319 23.577873336252377
46.7909515615788 18.700531189272944
40.991770398387025 26.234955321899882
44.90157880255535 30.828358176674747
45.71545281019867 23.37986427710053
50.13788074080112 17.816776391354164
48.69985639082844 27.80726965534605
39.44919277240238 22.61552436540487
44.74062538654145 21.852428955878
50.2335696719855 25.446911327605353
42.627380757142184 13.162915683234061
47.19727679136967 26.286328399852522
46.266908134683035 19.40942839330836
47.4564711479097 22.386883420876785
48.36670861244527 16.479876694423563
40.18394157386512 23.47080305430314
47.977813982886545 27.39676649471976
47.056571677145186 20.385446590316793
43.27431081482564 22.405301021283723
43.86795689172246 20.050633831038517
44.37912107123027 28.05107505621424
45.83824175323238 25.011900981868905
47.42096672365108 23.599462115092976
49.593810148474645 22.78181779433841
42.95866098313474 19.16413373812883
35.255593066014974 18.75909301903606
46.05223930561638 18.8879624879274
39.62261135165065 16.48325068191601
46.14041677871706 21.693543826491496
52.239399480625956 16.79669932521434
45.03161403513168 22.355890577729475
44.561329479270526 20.9949072254225
38.11910228310455 25.905050259883367
44.35478198106354 24.559161871469044
47.652882801923965 32.77321043080491
44.75983669516758 22.815692714248254
44.908163014868094 17.414159533619006
79.01480470230162 93.26797600370608
80.75216994464252 86.27004239445087
78.67242587461459 82.54731908705679
79.41569912867502 78.59770196065098
86.86603298076359 84.5026528571397
77.92151963783711 83.822823342975
78.22665975403217 86.17002291098468
79.56689116809018 94.10176462865951
83.02856811494257 73.52195424902223
76.78151108378893 82.97247865416276
84.55764617937692 86.85256426283722
78.18867545754749 90.08651864452901
70.37623802736917 84.965453856377
83.01211680757459 84.6446855832819
77.12850755090409 84.3247304837577
82.59958713135693 80.91519219051386
82.51515804960906 90.51418708326271
78.0072427561758 89.96068558139176
86.35612613677878 85.17572249854314
80.57015351384229 80.70219287575519
77.42676182965252 88.6692494988602
80.77245789508 83.37222869456036
79.75010932453517 81.13738428155285
84.1120860487077 78.03301015987398
91.8901770982776 79.24556720020107
73.07445370986741 77.70144118022536
76.58849452914905 79.620812932146
73.49130320440189 81.89640245079264
82.54132102565376 83.41000022625208
80.51958130475825 85.12055685321276
76.36808067082022 89.4205309910997
88.10147188347517 82.37505505931112
84.70723125949856 82.69387663870627
74.84636763670791 84.95803748530199
77.8230382523801 82.38119975679633
76.93937618236153 85.01763838391089
76.50001067710663 84.37894185641349
79.5551242254982 75.24524860460922
82.55970522678659 89.7532925192979
81.9704482272622 90.12558778372835
84.57343873091565 83.20791823272488
80.01522404476813 80.11059972220674
82.5629869346255 76.43732049096155
79.66820997607523 81.99812340849176
75.46507434515996 82.59451846676617
76.35220103833201 84.6735075270999
71.79409345519838 77.40897107922135
78.01006553743298 84.80860581172185
80.13762916315763 76.80716021823629
74.79570364152495 80.08353068050592
75.31312622970157 83.42352037268334
71.83967570586265 80.56521642818774
70.7960983642712 78.76954366382829
75.9114908870252 80.09289356995896
85.76808965046506 82.17880810325431
78.22583456224453 82.40328786537468
73.53452194063134 79.47965445837895
87.8538406558697 80.46998297893614
80.1163882317491 81.41221998083861
82.1379380189635 85.4054938658399
75.75479757706296 83.22842943761921
74.57324187982177 77.53814743328607
74.00115254856433 83.12807939392918
76.3957593315382 82.47582316768516
80.54451353979518 87.15044777436124
73.6964390360558 93.62881022205207
76.42350603364548 86.08798961029326
80.56498395443042 89.64456185863673
75.10147393822132 85.12450681934033
84.94165139361604 91.31591047216628
73.96147032618565 85.19895684420827
81.1499499463818 85.60429511267725
79.08363041932513 88.62492194801109
72.00527796858412 80.81661527738946
82.33996017020044 81.2019777519396
73.37131571659728 85.82461124744816
71.3512230130086 82.53433647550254
80.2087065467928 85.28682675054652
80.13418434087014 74.82980566818102
80.5073293643818 82.00722691398914
73.0403517665719 85.38755111220233
79.43582296781283 83.93242859415695
82.28273567664118 80.3960748982521
79.11431832455854 80.30921326469858
74.34824395151324 76.29762513753326
84.32781071232279 75.31084046286432
82.28172891312524 83.51998642049108
76.57683552980848 84.92713783889823
83.75120852183466 86.81501233224533
86.07988843337611 85.2936332511073
60.23379436442643 82.63622783034693
74.84395379777857 82.35861453814692
79.21416649273688 79.84588492125201
70.40709789353214 80.06500104223937
75.71814903438535 75.15847941831606
76.15251162313983 79.06214692373162
77.16841635063291 81.86960655193728
78.69424208389135 87.06092309478436
81.61759613353043 81.38825894073236
87.40890575933331 89.51333547189702
84.39386128982986 85.44570521801808
79.9222160476656 82.2488644560191
71.3932456483869 83.86866208295449
78.7613207707636 84.05836294189213
74.26243314400473 85.27548039281973
73.24795871285833 95.45451350014294
77.39476151874995 91.5269732462473
90.11167876137158 87.59909352576767
85.24273450782869 80.26666220394206
84.13534067590237 85.93404565090728
82.40586288400432 79.63265297767738
74.416356543598 79.0984448942171
75.64340131634137 83.75327830091793
73.93959493141686 85.0865111253915
80.11114293527295 81.63713368454484
88.8488715427153 83.42585809040914
85.40374497665164 88.08198231116609
85.2147492344801 81.29948724388596
73.74587545994949 90.12367449513565
74.24347155026453 76.26188595803382
78.68791512986569 72.35867431477365
76.17547545622516 87.42478824899311
78.17798511287238 86.82312724761987
74.20831195996476 69.34444492661795
81.28883751165884 87.24167924287204
76.20347446411408 72.50268668900894
78.55957844193196 88.14006262209811
79.23025405379775 78.96451594467187
83.13751763620616 90.94416834835238
70.4744315930363 77.71800727750741
86.90652938668455 83.891295244601
64.77618615799854 80.2794020247224
72.27578398719889 80.78229052195432
70.68489836541573 72.97833379900925
81.31046173206278 77.31362801004725
75.46717614228427 76.23719602908045
78.06252714918794 76.12361720181264
67.98951757370129 74.70960916909146
79.4469510609727 84.549367459039
72.03713917803563 84.08719514918351
85.2651229609889 80.9553833483881
73.75489318298195 76.90211603949223
81.69922548245445 83.82665828248722
73.87687694362528 86.9442936446742
76.57874914914095 81.87040647597287
77.59594266191377 78.68349948860089
73.95811300728761 87.29603565046628
75.47949744725376 85.01273086378865
76.09884397627887 88.36721527501079
78.99428935569466 80.1804702895421
78.98652252048018 82.08416235929197
85.17571994302679 78.62290658268681
80.75902253514158 86.44667396893172
69.00772189011128 85.65324516530222
78.29590958121632 80.26371484756994
77.62034964497765 89.69025967868015
87.42947041103544 82.5557781323207
78.79124139152967 93.74508174923226
79.22622441678867 82.10631522875657
83.32501243561443 80.09521736045416
84.07562118609036 79.14128839112873
89.49014621308922 87.93759584018368
76.6684876194147 76.37669768115464
78.97126166736001 75.23895980875116
77.2508660796809 85.63881124706295
73.84226098702803 89.45771371997617
77.18027792586922 90.37579023627586
75.55168879729193 85.5224799809179
80.99612629496474 81.96439157844036
76.6694477108316 74.4773434339535
75.60942117973704 87.34729009476642
66.35154545833281 86.16046884015904
74.24902061185908 80.84253980795594
76.32342103984658 79.88793743150016
79.68156108011114 93.09805253278812
88.97294156780403 82.92427594599931
91.05622687441483 84.07049421960785
75.65317147964295 80.96550192149576
79.28512128599317 75.53572487726518
74.66768915969591 80.90035956393433
78.05574097848348 81.39668818696279
80.7257222924063 73.58276209626743
79.74741854878003 81.40591303090326
72.68019293544415 80.83933615851399
77.0987482128178 76.9105073266256
88.55873553028121 76.5392205352736
78.22896129571119 89.0735982235292
76.00503121566223 90.42936552312194
85.24169992304361 84.56065963230486
79.78055296637952 73.64045017785608
75.29551482758204 85.6774184712592
87.29954642239548 92.03992920128105
75.04741701385825 91.64477502636696
75.4017173443909 77.21957667196945
80.31500039343545 77.1977548515805
73.06107024078631 81.64631998764563
74.64839827009737 82.46154827200351
78.246566229275 88.47658954566035
80.13509795916191 82.24295874240343
73.45530273991456 84.09949322134358
81.34541622522941 71.64860443427412
80.27631974538825 83.40071095873847
77.68019616448365 82.91141222295957
72.1050450602956 84.7672833238612
83.43254163902957 79.93723988159964
82.74226823981736 83.56500052032789
73.22182361489808 88.79648912035408
79.34700070337276 74.70312496405265
69.26297541127072 76.18022747956061
66.6491736270807 84.70143263207245
69.25241856173957 89.24232960653792
75.42063160174112 75.89566901922932
74.94468204913818 86.7795588015959
69.96852754974955 80.03239519108634
81.61488550326585 85.27898130794148
79.97198407530642 79.55614099232122
82.64619131981857 83.11353372458645
76.53308547451138 75.57230155895576
70.7792841326773 83.57924877249395
67.1762279628429 75.6624136777411
75.24141159092895 86.28547850509544
77.78267109671705 90.24921676866946
78.2035826228098 80.90735169017272
74.36993535281887 87.55901873577719
76.46934918189325 91.38745676381784
74.73983153701931 91.18767812865181
86.62376634730477 83.35958865516933
82.17575277166827 89.32609915578148
74.6706523874861 86.17672410282438
77.04616767817517 81.7587112318515
80.10334790065909 90.80245384506857
64.46117963626904 75.77504781452629
75.93505095564156 79.96666007953209
82.16745641813871 79.61731522732624
83.39454246771805 78.73110595410625
73.07669245205629 79.29180799920667
84.4147536735578 87.09646483845835
74.24337000567611 84.48720622726185
79.31190555244675 77.96973081183583
79.54482401137824 75.25049688587715
74.79481991834143 87.61010049558004
79.58388690308348 74.58435056726195
76.68833347525388 85.4920235054501
83.00632420415891 85.66725945041574
83.81341567117711 87.2330375061456
76.99444508350918 76.17347959894964
74.29993108449125 85.55384022994438
69.03249695899922 89.57496092809978
79.68830771840938 73.08620369748479
83.25703333290744 79.0939219970164
87.7642115192311 82.78721912196441
77.29143075873715 83.61194012911174
78.26469881834653 85.31681691770531
79.50842404312382 81.99688096062265
71.28718192727345 86.91564168822647
83.82244401222984 90.05001120010651
80.98937176234018 83.10348336919367
65.16466459519745 88.25238497308756
64.72804824792709 85.60691396108268
72.91997818343927 84.63425987620674
73.46129932178748 86.73232141053133
66.6382330285503 78.16497811025303
79.74939820106852 83.24538571626945
68.70607348322123 80.37224418254915
78.41954677879087 81.43842833222847
84.30456067652395 81.64829964509906
76.12582628160783 79.34867076749312
85.33144068722297 83.13389777988037
70.8901988672497 82.47698061787851
89.67313446109367 84.6638916306392
73.48352152467696 82.57254753964243
83.5847149812685 81.63208955559303
80.15405803522468 79.77969404417354
76.97019005254752 84.73907008727107
85.53701047834964 81.9931616617344
78.37063824827383 78.1798508238654
69.51333659251291 77.47393797365163
82.01631759582087 82.33252817396183
81.19210852074407 83.0796262162491
72.16119744584019 78.70775868651162
76.77060776985778 81.18551178139273
84.97229467161537 82.93202172172003
83.84169197638475 87.68831902766064
76.35295678734232 86.04941792388028
80.03577918477279 87.14901999237311
88.05753826908477 83.09187251339127
75.49667694236267 86.5505384063179
76.88460472296246 91.20310394479422
77.89315738418259 83.55718464686007
84.12279638995403 91.32506620753784
79.06028782728526 87.0267149172793
80.28897147138896 81.53454799048576
72.06044136285593 89.7407703122478
78.80808572913564 82.1001289067305
78.36795543102755 80.98808587874984
71.76751118825143 77.70443242471498
69.3672122891603 83.00841539541919
69.89803940858478 84.22558690119494
73.97157588189795 78.10477666176044
67.64193827253776 84.10569445800371
79.29668006724735 91.4314580522613
67.993847977764 82.95810512166788
86.91270556759181 85.57244928847169
73.93411367063666 73.39068848991661
81.9432203208502 80.2095370847224
70.68824662666154 85.13257301207567
66.86932015982813 84.32911731285161
89.0917342543242 83.27101129895497
73.34476391647367 75.80498470088904
84.02353760090558 75.41782452626191
79.00456571218919 97.5788900776582
73.47857240550564 73.1135768297384
74.85281796519345 82.68896954764858
75.54603243770805 85.49982356084786
75.43885553643183 84.93476678312312
76.99684398619631 82.97167647822619
86.63596771284324 79.50649441632962
73.29208831946106 80.91952302480664
78.20077651172869 77.81128096009446
87.52583710541847 82.39301858409452
80.96816667161896 70.0321555580852
72.50996790406556 79.13479836762114
82.58240278318681 89.98271115833191
80.76563332969184 82.11609625215033
78.71295345992333 84.66042618354021
79.68985804942844 78.28165412078832
72.71830058868815 88.83396626495824
81.38911374030633 84.99498717546754
76.16169602008752 76.29661684421765
78.01609905624834 87.17578867824244
70.30860855528466 80.9346866961828
74.89513067318487 85.68652458920072
83.02498499970487 85.57535667305251
76.18356548170598 85.93951036932535
70.83540708221842 80.88184929248746
82.7208132424546 82.53613683580245
78.20010354516133 83.97994031618656
72.24114329306944 73.4536154817792
76.8684585512319 77.90572761163408
81.43000244975178 85.79979857261254
80.45599506474873 86.8406846837235
72.23574585952178 80.5916498341135
79.44316083460936 87.62648319486985
77.12633341421832 77.39219730103247
76.36401454915952 77.2587216501676
81.08223033953479 88.0645452815951
82.79690685675985 84.32865192007257
70.68544389189277 76.77589951824632
77.27817848651476 87.09401652437225
77.15094529858303 79.92285098288772
78.39946108999494 84.89399636916927
72.02093083360555 79.07991045999572
71.35229854080282 80.09925623761075
84.37182178746177 73.4861306035203
77.82795089753326 85.04456305617019
78.43177999571262 85.31965844918406
77.07353432493268 95.39222077380455
82.51893467916406 80.52270929929733
73.64739829534001 86.48431150314605
84.28019740302878 92.72483782564154
79.75800674352824 84.17828014148475
69.93908918468811 78.4022514245776
70.00914480154287 79.65190535194195
76.05511262821167 88.16491222064558
77.14092164841668 82.11968627393921
77.66402064600838 80.58821717635426
75.09272110398678 78.95381261583074
75.75924068051242 85.87073132678117
78.71366010773515 80.47283926422601
81.84602125887488 84.61167317380352
81.07649950328488 83.92344050939354
84.5010862195233 78.4809551343357
77.0652861277825 77.25745357471843
84.69607851609501 80.85323295538068
81.25793051489438 73.8635153774074
76.5515088564327 82.95219729023556
70.38611517060046 85.73502176707916
80.46694081857869 78.69038558302111
75.69956524781736 73.51356732945739
68.9697951605689 95.60577068519999
89.0646630331378 82.69226605161445
80.4045576768695 81.63569133384428
72.36146345793482 80.714855923983
75.57375050459768 75.94946935782559
78.7982227029567 79.37374646042406
79.30738879879084 79.2239408883093
85.33228795944986 90.08223687821354
82.33433401852632 81.00980940687205
75.25630843972128 87.86445704544398
79.87296118161511 79.3988927539197
73.64071190691165 86.02794152129472
77.82848760748621 78.11457166623845
72.5637126630992 85.18568453657551
79.58560370993833 86.85370561457694
73.37953666089034 89.06218637461144
75.27925457700105 84.59658930747243
70.43525042790189 80.08675427277743
80.76507342438725 81.32342775419544
76.01816805925033 90.03962250699115
88.86423989590651 83.27028055375973
74.62614337708273 77.59830721973839
77.19414987487123 69.05780112146493
68.05257436132332 84.1501281815222
82.37275138453016 89.31242588635983
80.20870097087067 83.4795201910957
73.1335321201396 83.95106788308017
78.50274520459925 90.59614174167024
76.24139789265588 84.73613645531071
72.46281820279974 73.10527282304422
82.31455811229237 83.71239253976468
78.28980268681914 90.67157937919842
82.50507812685301 82.58155395907703
75.76566067180607 84.0811738835286
68.74200556911565 88.05679858978903
74.8243794155712 80.77583989414127
77.62565325598416 78.3668257667328
75.81003322893203 76.94600361056756
78.2714201287936 82.79488262750694
80.53910082072369 81.34785243820504
70.11107541790578 78.51614042338869
79.6459291257867 76.70483373846334
77.79387636523688 79.50400010956903
79.64942758656596 87.26995612867977
71.41652612451877 77.55474303156952
77.15626343110124 88.86247630026935
73.01706154959608 77.72410974088343
70.30055950079462 80.82372233188684
87.39798105333084 89.71302272124208
80.89132765164128 79.483275131494
80.10416889689346 86.07649876854215
80.18123107855904 82.87643341733315
72.44551608678489 83.02493812955531
75.95026139456156 93.7836166132407
74.67318000960037 81.61257266045625
81.49201464767985 84.51975373121748
74.95947562414102 78.55538126717565
77.08638821797373 75.20389233252428
70.51272101439692 78.3995813775341
73.3043953697339 84.09243230898306
88.47444194647296 82.0953179952871
76.94620151396978 87.10318404145315
82.75268817572359 70.04468729608988
79.44585033031461 86.01867157750198
74.30125743369065 84.2126844205606
83.06437222978406 88.96818673391556
79.49618127710336 88.41554163229893
80.69521912987311 83.89085654655221
61.765916107670684 88.86163920969683
71.70436798209025 78.84365523860355
87.05902670432873 78.95256026516316
82.82098133738349 90.82028288316982
77.1373622792311 86.58864739698551
77.71606443898146 89.45115341098561
78.50296948886458 80.56561668035862
66.65389597973055 82.23735634249537
74.00800840943418 94.47081773027203
79.92855658784379 82.4565050308568
86.65080591712116 74.02956587381875
76.44982830765295 85.53904166996915
78.32846867979313 81.52162771422138
82.11072690690655 81.5994738728703
73.17770773639576 79.03418058841613
77.8863730612727 76.6856904366944
80.47991710110814 75.7685059696044
85.27633595885253 79.23156324297626
73.38239239429878 74.70294275809317
80.71494167966665 83.86984241243908
75.22959480676906 81.10548638765061
79.0730408920142 82.57132566538849
74.94295596817197 83.05855721864597
83.1455044568737 76.17920590442725
78.23278347622545 86.33110810504289
88.25739255569992 88.20320784690483
74.5877366086403 87.67136311011907
86.78792398449707 78.2427049091438
74.92960084529304 84.56065169277205
68.75733735507197 76.67590503605498
72.42023623270094 84.03805788623183
74.80503999658515 88.39709586487456
70.28926255483339 82.2122268260017
88.10582989274145 95.2676129698452
85.31545464552931 76.18163495623463
75.83777970406022 79.52090170355982
79.31854146774782 77.74914481201989
72.42143428068317 83.9777947614761
83.78720362761793 79.60900634507951
83.7662645768934 83.54751546676596
82.23326246125123 79.02111685771312
80.77347659385154 86.97298420620835
81.7374075537207 85.9247907396297
71.76850975271188 80.4308094651145
71.69845651335713 84.97342879676827
80.96877763961821 73.46929908336786
79.04194392422063 82.85243809164926
71.29073661646312 87.31017587543045
74.60115834152319 81.25471942196796
78.52298853776406 81.89521775700939
77.1423508154738 87.89955828456466
78.8941280860372 80.63505834457855
83.35340347182489 89.28825154927141
9.589828061329781 91.0710160976063
14.119272480218806 93.42869823404189
15.07664091461234 83.72254177424558
19.777437145381764 81.86002272407784
16.72885524015027 85.40932486753397
20.442619665503237 83.77192198184392
21.21391721738248 89.0258608411735
17.794554308179944 89.41454771455012
15.638066266401275 83.2289882378741
13.955533989486641 79.35070431660691
18.67978513386244 84.91146139805602
8.07259257772875 80.59547597511273
13.816466576200645 95.42127965508203
14.907856617423555 89.78874396024332
17.58271530130467 93.1064661961859
19.11417482206336 89.0501163989746
13.369447862551286 88.12943486296648
16.041835319532012 81.26434503327722
18.56050069720595 90.13183407818092
12.858367025860543 79.27324774510039
16.25666895165036 81.853625496541
21.793466756794736 85.47144476460468
22.20508221095771 89.30559658649845
17.041883759345914 91.7703654575726
23.65817532445641 79.65415113037648
20.246374566833573 89.95990595287331
9.938100069957006 86.36323264004615
19.13248788723814 80.60991774086723
14.00446165983247 86.33232779836698
16.351994586915435 71.86845895947262
17.565866457293037 93.98366116307301
9.024832475809232 83.1937128751211
24.367229498417093 88.30469817109876
16.47218403847216 80.42029861750117
21.98894316570601 84.6801275713724
6.241237649034464 79.9341626382034
18.50245446492019 81.5332533631928
20.001301981188913 92.29804988026952
11.134893590073016 77.35399794941212
16.09307969728144 83.4329512452736
16.9557358148295 77.35039180129186
13.748469339052317 82.74326988108295
23.762956021788924 84.33242196748041
19.21991241208123 81.40590453400412
14.90292966470742 83.49767498774196
9.807173898652142 83.82482539336516
18.988491745111414 87.97311812663547
17.573718876245294 89.43082255631055
10.610348275770798 86.50342970355317
7.789954050252504 83.91646630695051
16.964968177720923 89.18993190926615
21.53007666200794 84.62305974522299
6.11846420465314 75.8972881224005
20.669417435087723 85.42442541431099
7.852717150519574 85.28849724367103
19.16071311318299 90.59803171627578
18.73698381519699 73.16803996195182
23.58940278292368 82.30492750861605
19.020529687842615 83.88570774083998
17.78781692497995 82.0106510658586
11.959759770090981 82.18968889930902
13.330676794476023 87.50571342539098
22.693001178595814 83.88642362145391
20.883549981803807 81.37899117648415
22.4163653004186 91.94681698158436
20.768355522262308 80.03275365386594
14.435753667370351 78.00078675122673
31.274431672737457 85.84038213318743
18.195224932294035 93.52229600965661
17.879759188875756 81.12731992363386
17.562191766384647 89.82026587923764
20.08808564468896 87.79317742172825
11.483451753834254 86.19636732858822
13.571625943907414 86.05860501649596
20.237212171741607 89.92257959779707
11.693465083156497 85.97512889708152
12.892452464378145 82.75057597518531
26.727969078512263 95.65488151029547
16.79640572172845 86.76660283711428
19.570220959489358 86.32779711121468
2.595987159680402 77.97141192538032
19.012805026630236 82.28309503886352
20.966710272718846 86.60652819927836
23.629534015777853 90.5420239007801
14.775515819927643 86.19342603822486
17.60810199835327 77.98099779932521
15.395686076226056 86.3244426022838
8.287966503416923 89.57807184876582
12.808764232683401 80.7038008598191
18.83888676628201 89.43182840879854
10.848357596080504 84.47561648494151
22.9827755464653 85.23260997889416
20.720207551790676 79.61351906848006
15.965963013474461 89.89525688272929
15.974703438025353 83.97914008995187
18.563155806052713 88.9744524738448
17.442475160377608 91.37626261085686
19.09989721362982 85.26946688707888
12.033053007015102 84.75873387149716
10.818033585793538 89.15380288590718
23.63025601246417 92.38002670850862
21.47561797865952 90.27545457172451
15.694015838855666 81.73010640475071
9.772045545141914 88.68307936447488
17.57761783021735 91.75925542868083
15.501364979706894 92.29688199245021
13.63729844732344 89.28110762838494
19.537654756551486 84.13417174459421
11.216358675008502 90.5916623222391
8.946007143067378 79.48463608847061
15.547272716565203 87.88547572342989
16.548445161009372 88.69521411165083
15.117681412426196 77.47693111676199
19.982532973648194 75.56754236895229
8.511883650724737 88.7605990194933
8.864612827308028 87.41063878800557
16.622187619693456 79.66478782378374
10.680457100017868 83.1032927750647
18.75761993505171 87.43126452325781
16.469521446527356 75.11430787828485
16.238643873975764 83.34929567995411
17.09473688741809 83.98320044236908
18.02019578932736 85.24686052271805
19.81718174985656 85.59537032209185
16.519571020713723 80.79397392105567
13.237888355016288 90.17629290001474
23.08132847403423 91.89338035544132
21.551042090393572 81.00170659878891
19.749718164579043 84.24718841868831
17.37728123859707 79.30116295667537
17.841651107512213 81.14299798623776
9.928154318260523 81.84607332860914
17.598930433287883 90.09883855391514
14.372222317334376 77.34340995393788
20.64267609907664 86.81627064611426
7.356707661396156 90.04196801443184
18.444303755342926 78.30604240716896
17.061364249220414 87.7678263080664
11.384278256160671 82.98504776727565
17.73450551694277 89.29702607830802
19.05467459148599 95.90983696845812
18.254885875331166 87.62785348031824
18.044652688506922 80.88095564105453
13.314237597039162 88.89566203877808
16.75268679784365 85.0828387145143
21.75620301306215 75.27085347424133
21.45972187719074 91.01999977741936
27.697019310170788 93.46140883254922
17.890205180982324 81.53971936140445
19.497125583850252 84.48681775435729
13.647836902431902 88.42699712628486
19.91086088527969 92.39603827621774
12.143908901003945 86.34471920540292
14.346948570343237 85.74823521760099
20.528538726922644 88.53985556265516
13.438142825463107 95.20081205654178
14.478496010380162 81.50557462010029
19.193033042539735 83.35412100115607
21.460377107527602 82.82662432518006
23.00233343287968 88.5811451163995
11.548152032217175 88.53085095475444
22.66312787336782 74.98745435042153
7.404053501087089 83.44066883810852
17.947482617870953 93.03409677152106
19.837661891786286 89.76010407758527
14.494521987387953 87.67910811156663
21.38775120308697 86.83946405760734
24.686458086406866 80.43024558463098
14.38295745180373 81.55950113147486
19.6323831412483 85.38728505182041
15.880619377890765 85.19284443740581
17.93084827545825 87.59535280234326
17.126500700235468 84.73711127228816
20.75183213503647 88.98477036250337
29.63979940817566 89.15270709259087
19.16365753696249 92.40252638237155
16.17994879503741 85.80022273073095
17.952680523903986 82.59862591094688
10.093102969482864 78.92449898334213
12.327160044592551 89.09926473692634
14.92756490206727 82.62015262332244
7.391031518953904 77.85923281332923
19.536294552137402 90.84671626403332
17.174226099971605 90.56204092456517
15.512647519653653 83.88660289637993
19.331980156381718 88.79749910134397
10.643019258882534 75.46603062727382
11.846711867290185 80.09328449762148
9.871846449096816 87.73576757071976
9.335669216172764 91.23346555668222
14.552672139064567 85.92258960749169
26.570871486575655 81.96258659307473
20.86285794708674 73.19655823145928
14.277922868935919 80.507547204936
20.44325514530932 93.2896552228296
14.513351146016626 82.60973174777962
16.04862801054736 84.89699647402024
20.434409538734695 93.5841094216509
16.13756645841039 79.46421120153344
16.677814663786933 79.45976710565023
15.597191740711253 91.21767613419487
18.18083739884708 89.93105352518613
15.438831975767966 88.40554130063673
18.913431375446056 83.95629145265063
20.07716300319134 81.90997805391692
16.609283768593723 90.16898669468338
15.217188597444617 88.20614686735303
15.32144140658083 84.468623252727
15.105053096458555 84.70766282278197
6.910890477823655 80.9630212152338
5.236708423355989 79.44474542949406
18.65221746944334 72.79501056595267
21.391872195083657 89.47505627157601
25.736723755167535 76.72482624747823
19.00363435819637 78.5279823808791
17.671109801741167 87.59586372722963
16.87249126300438 82.45666000099361
21.802103538798296 79.25290183393027
14.636047203485102 96.38074720386271
15.92874509852594 91.49377102083417
14.16798557858415 77.14736428327693
14.200531901567173 83.12022788268642
11.639394336324399 85.80826512337468
13.737055417866332 79.39592926483765
18.78522058694617 87.62271928364534
14.621413993354695 85.80916846853171
9.058322314752806 94.50990934365791
21.369686120936915 90.98973661634054
26.712635438672237 80.9576790321373
12.180922289573733 87.77556555870837
15.570132598068948 90.83470533901169
12.182767304708713 73.41457295326164
18.678386479692403 87.79675658356658
14.539398374802618 85.08269839353405
7.367014590286488 82.02571307471607
27.19372826994287 82.37246176715294
25.877607550101366 88.35041778225461
18.052585439025975 91.6923609543405
22.36040065963917 85.05816889914314
16.035003490453455 88.25804768585249
23.386933686856885 93.08448314030558
20.884411909004637 86.39881463370494
26.27892893779833 73.48442174573619
23.25939556971173 88.8632656358888
15.81439046168438 85.0729029593778
21.02767636766316 83.64804486895862
20.404173653300006 83.95890178941048
25.47508234143153 80.75085134247472
7.159159507735166 81.85856452072251
11.75016018585254 90.96489043755302
11.01569731921508 88.1248797756905
21.495117988851362 85.82538290552274
11.37338930643381 84.53232750765477
9.05483783746679 83.53383306342322
21.266134549391367 83.14859157747382
21.702973702314626 82.52218055862954
18.479502819526676 93.79944118501048
22.47791496420245 93.04491890825017
20.744793127255914 88.65962313049853
24.16885396891028 74.21444761574615
19.088634302205286 89.64422475259457
14.74873781864788 78.98057018017634
11.967055286720818 90.36403302924863
11.32199881213157 86.31987906798703
23.60114667747355 94.33173941796178
11.257310082613783 83.73794179925125
21.362483625714212 90.12594163433847
12.052319121848948 88.30966923667036
16.169351653060996 89.03515052798572
8.995923305820874 86.31933232917642
17.284631504943878 85.49005508720818
20.107395815839936 78.36809895056027
16.792255077025978 87.74088891854332
10.838212926655604 85.15754463364088
12.446772851039519 81.39551544837114
24.869533607954185 87.4101540252523
13.84172360447708 87.06349709582808
20.83957219453561 89.0162073139668
11.214210901864455 83.9735644764175
21.06327397252287 90.42142330942576
14.465280775448669 83.70473760337791
18.47731106128209 89.16887110769223
16.02947336595337 84.75432119152451
15.730512065212817 84.87626562471353
22.077452959285125 84.72508003648565
20.895748063453954 91.53874593893201
15.649024092744925 79.28892947189638
20.87958359451799 81.73551061065454
16.817498167315865 89.44882287434478
19.895388529828036 86.97507155211214
15.527216616429007 91.81160171026875
20.23710600601826 85.46725674678952
12.6070738824989 72.55329703584647
18.479413894250804 78.64437873932432
15.862398915320847 82.62983956874717
9.69645115840881 77.63913865119491
17.163293544367498 88.5570298121479
11.310821531073158 80.9717469744349
21.293854606368544 79.88094825979185
12.27504355367803 82.49492230806968
18.600481307890426 91.600628876703
29.11303369049094 84.89971434957229
25.701763905387427 80.80071243064427
26.288041395381434 87.59385523167194
26.08900179080817 88.83857352872943
14.104529834157992 78.89781665246235
14.028951850175531 86.46937210652274
22.629964293425957 82.06292718218883
18.756053696987887 87.58152457284581
22.373847322119776 85.15224501431346
21.77887271339666 74.35808927716565
25.93582771406219 83.21926462044433
16.25719176800698 82.906427279366
16.66384162160112 82.96726733102766
21.16315215974464 72.98656881780009
15.192205211837692 81.22153984411013
11.871425119374052 81.14792216883782
18.803284308162112 81.33735994295623
20.295233399506543 84.13373358388948
16.650741174090694 87.13644282915405
14.384996717936444 85.3280522586083
20.813538616776846 86.9495499782913
17.665935975665406 91.13897817043313
25.920095724561744 81.88726353207166
9.538471619730503 91.660766277147
20.23610170562272 91.36176691494073
20.911930406563656 85.76260377751423
12.97820594134664 75.62844350665067
20.88717439150321 90.61266911626485
21.977740777892375 89.8616072302043
15.462500732776505 89.229255646579
18.43605211600907 77.32744948344997
25.821092007269492 87.84322570757632
17.693812116397254 84.40173928922718
14.984008997943546 85.37436145671286
7.853134542799737 85.28668297066703
14.036144820633995 75.64377272857598
26.535372943364987 90.16397470925507
20.75445566211775 79.94824142866565
12.520204052723955 80.7610747787381
20.43239450106395 82.55294515028287
27.759398578254203 87.95085515559899
10.490990417974851 88.50446484529597
14.307530020259525 85.19353156438697
19.621902664362846 75.85191086815088
16.6951169918897 85.16941898932903
3.923741952173623 90.80497448305732
15.48021823390119 82.59479399160988
15.218206461025744 84.6207302667661
18.37528077844045 77.37814726583807
12.81035166184073 91.54640359202676
14.645002499297643 87.20822132971645
18.51333938676463 80.46079326429283
16.459677097777202 84.4401657883462
15.556722105437142 81.55528995635723
10.002717897253657 87.89413960412789
16.65432131126136 84.77235516561336
25.420700583226775 91.8626492508044
17.29836994259561 86.68021214859507
21.389331433199864 80.98011207855593
17.719412793809163 85.33333467892443
15.611343301390393 88.82164464386376
19.74357504559976 81.22365845898148
17.151260022332803 85.62138476383583
28.15929816784332 90.65779221057453
23.252612632804393 90.1683130995776
16.241833855484174 84.33853573595253
19.962063398916076 89.88574078651573
18.129147322391475 87.93633998492767
13.021676405825723 84.97650713030363
19.714241344922574 88.80203136391438
8.535779964404501 89.51058628590218
14.689744554210705 82.15266681283923
14.918438159500896 87.30866450746942
23.02765752454199 93.1721137468039
23.1700687941042 83.60911723391314
18.541162709178362 94.91552311324915
26.293393663924817 75.05670654706107
20.657306605294156 91.32027250550824
10.804405358719757 84.90068354968369
13.543160253304054 83.51306605459845
18.097423171327918 89.8903377624367
20.041019426625564 77.96098081629309
11.598857945523688 86.17232675279263
15.888663607266082 91.94613847308909
10.795804228927079 87.59271067390341
12.938676482263533 85.65910772996065
21.45277842528514 85.51592770454994
24.585835000600774 86.05383144007344
21.229947817738136 82.79651919890792
24.544576918027712 90.46932789091116
15.217825945287588 91.69200231990652
10.723716152292056 89.5051149236856
14.910610240403322 90.78940003546803
13.52982005501174 88.33591308650995
25.78752986267775 83.20608159364727
20.843806517548476 86.36878653674316
15.995260530464789 88.96006821009708
11.59676095495904 84.85859328283948
14.500678991394366 82.65939321364685
15.477983585922678 92.35697254763289
32.03993705839029 90.39125487261019
9.689512140111558 83.11069001136029
17.447635684450123 88.91502411494119
14.65376486012435 81.8252660134855
12.387726607001753 87.54639312409023
12.672206599712666 84.69339072036314
16.950685799942477 82.2508639659851
13.616732318983901 87.76969654907299
16.509853556147654 88.9429002366955
21.691554510573337 93.01943898801517
13.634253724267891 90.86337891829703
22.830920660214332 83.7716369732345
17.33349105497779 97.8701150341804
13.199874139236591 80.58950523132081
14.588470654550145 83.81316203380841
22.62122742492864 87.25740606844307
8.713081642790351 96.24688712014358
18.99953855203141 86.46917009595782
9.08923779345309 90.38014575526294
19.663494242152048 83.75208336032371
22.491211529518445 93.13456532811523
10.005504193530813 80.89157802385286
22.421305490548068 87.33881858422222
15.12737642838915 92.25721780289005
15.28715124737617 76.76005636502053
11.315972518462198 76.95835875322099
15.756876282843923 82.1037940380391
9.817568463262827 81.76151540614764
21.092474507074712 79.36074428840058
15.271750930520264 70.06931892123932
14.520261750691754 90.13747272834752
21.67438484900901 90.18138607042329
11.608767070142664 88.89980941400518
18.68353386380625 83.27003882686216
11.636615134949446 81.17023392440501
21.679832021948563 84.46557824546453
20.629660466958036 86.63812201938
9.906323227319703 86.11413699873974
19.51573178758346 75.55942908932123
20.210193886416555 82.67770155330334
18.289956083354472 89.13098350611061
15.012009686099837 86.92357510141925
27.12407686494047 81.55322882529465
9.252712217170913 91.83497323400383
8.69858532673904 83.97734229861253
23.23421015984422 88.89488030664677
23.376648100029197 75.62401494794086
28.52812864137903 69.64276897533297
19.92369482671635 84.01730019495879
12.280898330919756 87.36520014117403
16.439290515867437 79.91924208114806
23.62437154963091 77.05324745387125
12.779124145217502 80.62551074718375
14.968666630435305 82.02539586882213
15.513202438496263 89.15876621765571
17.41948841542893 81.9781863000699
22.035543584210398 85.5994051511855
13.96446945485616 90.61829994661515
11.589423089530836 77.3445673895375
7.368149337026522 85.56114657991073
21.753710241047635 87.13764102187955
13.409406217204092 83.34298018341032
13.172728939801507 85.51544303456843
22.522775258275203 87.04246809206893
10.680542885642582 85.24332565436876
26.09205073616182 87.05554695661839
12.066092338308481 87.7404585761539
10.510594046863192 80.8953099542758
13.754941946836292 92.67450468562089
19.451724383810735 77.2956160871886
18.006775535474027 82.3966437108001
27.308683458879162 89.36876386902374
16.55748180763097 85.11277068504046
22.179298429554045 76.2289440835935
19.069843055706638 86.88713855028521
16.97384403144035 81.25792963437239
19.826608138026184 91.05306584966327
22.787219212759958 84.62978630259896
20.784864125579528 82.37890206428091
16.537488162818974 86.005036360674
14.44624118202207 89.97297181151113
17.836218723080542 87.08456333836138
7.139296033167654 85.17088111448258
20.034868206310023 82.5965822183699
21.228284352132047 88.39901686338237
9.503782882337388 86.41834332201634
20.297516280709583 82.62400183582864
22.73014965133423 89.25993562814625
16.636927286563417 80.68830977392214
14.435681144944704 83.30811932412585
15.039831622963279 82.87289619145994
17.720225279842097 85.72436960075682
11.699761683560011 86.27669653293249
16.78504279171114 75.9442239649404
15.320116111015075 88.84023497712141
10.209861170889857 90.37385458164768
28.981419857493883 83.45031873766075
29.061661813109296 92.13535573887613
10.779547217227636 91.66653379235137
