40.510619310553686 54.23015032454552
43.069108067337545 58.775475365712474
40.55509949294097 59.089290485891624
42.20319779565023 56.455296600451454
46.21739620239213 60.30397320247454
36.613082231654495 61.68994460439679
41.720849201079055 52.83000698418032
41.1790551781926 58.406563394816025
40.55295170454073 64.05141362389455
41.46387559913472 57.567000588464154
37.39633782921541 56.57434974222928
44.53287050743212 63.001878366507924
43.94464964018112 60.76284653946755
41.22799931717404 63.140203605788905
44.944996822731085 61.723499580212085
39.94130606121939 60.652416741540236
41.99451604931622 56.55034592904662
33.98240270211774 60.625533040938805
40.446775273767344 59.242777146068214
41.72911867413194 59.40226263554297
42.502717931894736 64.35523914644571
42.76456613169507 56.828890814940614
40.22521159588798 54.27901037845767
43.248192988869704 61.38158275879542
41.92089972943878 60.9381845916767
38.45564023835443 64.23056443223659
46.35323241630981 56.36959268808667
41.44200146353817 53.23474790074887
40.97990948600529 59.366566742906045
40.91240305000854 56.79132432450048
42.81775358181353 59.05711137674376
42.73205038588682 62.237589795173676
42.29541913994719 57.031076066402065
46.07927053726862 60.73330225700114
40.35815052023416 60.20388683077136
42.77505833870159 56.72089964293681
40.66933245468311 58.592779771299654
38.70665141884926 60.17339800250782
41.44233099404176 56.904752597032726
40.90141627668969 57.843549714368635
41.37441649971656 59.228942322099854
41.200306634435094 61.7590335235747
46.70323100011185 61.88752541794684
45.32639751114069 57.73487722878249
39.62664395084424 57.34270689489349
45.28676521849354 56.77928634134935
42.921672673248054 59.30525027061234
46.309935119325544 61.28516308920366
44.610652526943404 58.44427654491241
42.34041125144641 60.43382311126783
40.93445585952356 55.00642854572698
43.41437576038661 56.02205478569348
40.70395038816319 61.20514950330149
40.953759459670124 59.88005664733009
40.60469734958206 60.99871270894691
40.5776330829277 59.56628579835312
42.20521337146067 60.19162291886766
40.33425692212726 59.79296738315213
37.683565805416954 60.44120068980693
39.50122013250766 60.879838478096495
42.969489396498254 58.71694640648516
47.37079187192733 57.769000872963915
43.332235832701166 56.884328716634116
42.76430115759232 53.36997870837518
40.03581471445144 59.59366868205143
44.00056770425545 56.63869087990106
42.893590744843394 59.66853199771768
41.78716891347059 57.70108308147599
43.61915299790506 61.51190351398101
43.611065644379984 57.67352798730384
42.20145457698336 61.81843145931655
45.93502709765161 59.46782786403561
38.97849169459391 61.42459104162437
40.87547201301808 61.158248956330766
43.661108310657774 61.87793265972943
44.680430712380854 59.699962393729024
42.851975176226716 57.6807684687882
45.06735763149926 59.656983642314444
41.6016550014102 58.33923828555591
43.01584407195528 56.4752581520496
43.62997692061166 59.091403111599774
46.32984371214443 56.80361330734426
44.17938513318912 59.037706150161554
40.82426840832616 56.472668897358794
43.841178827037275 59.69187181182829
39.43680592913156 59.84049869298252
40.91265191679948 59.01583217704661
39.37108127703095 57.938941012439905
39.56736142897443 59.61850898054922
42.79263958413323 57.589717329536725
48.458260398525105 61.537034178701745
36.589261907470814 56.50613393084709
41.216263133790456 59.9096348918788
40.126138332236735 60.03201368317272
43.9044764391301 57.32253412968371
42.64522375161598 58.828106300555305
41.11233418953659 60.879861987028896
43.20903509625332 60.32090185426582
41.993930227951445 58.167907088204515
44.60665738144095 58.11062048854308
41.31000120683109 62.45941641450731
43.27393528377247 56.60412858828424
42.360886197600465 62.19410718900376
44.22856470918861 56.543770911336686
40.75625386624308 59.755714795086455
43.799069916284516 59.988881332705304
42.543807874914854 63.41119102146225
40.63600591468174 60.95964367087897
39.33008259068448 58.12883028261023
41.86972550084824 59.493923573167564
45.29480823686101 61.07330971452591
44.22785549819041 57.74164668400002
43.88477334165868 60.504912169769256
44.61478192203194 61.67260133565389
41.157649883885405 60.34410438714464
42.48672082099566 60.4754250919592
46.539417944921205 61.578140084756136
45.17781190285831 63.10553452060298
42.7939048830972 60.605771899075656
40.92952126443283 57.1791735392274
43.8153584542187 59.97757279681461
41.87141680347467 61.785945638701314
41.844851237287024 56.60784838110492
46.07834173001732 58.76114016663211
39.54025363227493 53.75821492044023
40.294987915066635 61.27544976671565
41.60202903855503 58.08567893347105
42.052553766667934 55.78076727697694
44.7159113326028 59.243689555034415
41.509334894013264 60.43960527189909
43.75243776877316 56.33789136647216
44.32918333975682 57.01400179284942
39.35075652934428 59.06080666251555
43.03728442037104 57.682702729796254
41.55369424453033 58.96139569465991
46.01409072734338 60.699797667419794
41.93197886474399 59.21441044187562
40.348296212842754 57.697207002317754
39.10519350827816 58.490133401120104
44.273590882774094 60.64947884073709
41.07085305138808 60.9517749680505
43.83938374884111 53.39589773016116
42.152975764908845 61.182805962003115
44.03610735703008 55.938271564383
44.77332572918602 57.15171917279576
39.84756619148027 57.107433310455455
40.18385788751608 57.871791768305634
45.50999234244762 59.456004441633326
43.532172419051484 62.7730358929163
45.7389329743771 58.90774401599451
41.383458203675175 62.91805595023753
39.23155519103799 61.19799459722527
43.186246093819825 63.26520446014807
40.476478035674056 58.1732737019524
38.28998925361817 60.5549379247309
42.54017650464928 57.84013742047086
43.25069791945403 56.14090825289178
44.4821672643668 60.83559259957002
43.491492935841855 55.42345558668362
45.558132804435225 60.389218613731565
42.04195303459488 60.74555407930578
43.12404785009124 61.39538966698412
38.06922643092926 54.560279120571266
41.48386333769481 59.6983188288116
36.814640548158 61.99122057521239
38.61867408368148 60.84489788607863
44.659978527519506 57.80640257835984
38.12383079049443 59.0979747790995
42.741462229996465 57.96433569362405
40.620301788843875 58.26934151360532
41.03481244416852 53.05046857355586
40.52214024731048 56.988202512957756
42.0526995270838 60.00552154367866
37.933142812097415 58.589517885167886
39.48328486147718 59.79223691055279
41.10289250001408 58.67182143645977
38.394968097887485 55.345056422698136
40.68882463965493 57.995100572080084
40.604982494868416 54.60565951818188
46.21071149227096 55.52009704570757
43.65934986361655 62.04251354076457
40.130655194496356 54.57890408111735
45.04638019216031 59.36769477519819
43.572417476931896 59.86457372658436
43.03585102599216 58.876850661834666
38.82253277951997 55.91451866283317
39.92137593830491 61.04636333969523
43.48507706498129 58.77994085465571
41.01052670666801 61.17043712902803
46.92106193975194 58.31260432908761
43.08418861161935 57.75976587649737
40.2138486021216 61.31096744360961
43.65688845226629 64.1273020052764
44.43885957819372 60.489423446616975
42.63425101169981 62.29081792343379
43.997553415551764 61.29075283905363
49.41726251118024 58.35662925253779
41.04547872175237 60.38034724599905
40.62329442571464 60.64095953434325
44.71655371648571 62.2772542129159
41.932311232349846 59.65229044365169
41.14105590339847 59.42979013976111
42.03955966954042 58.00384715076166
41.58788905955394 61.06085909798394
43.5405910377275 61.071290068920014
42.399057800155845 57.769616221665565
43.540238910630165 63.053382650114365
46.57935719488306 57.34015051652301
37.819321506280865 64.3686686135172
43.16152038959366 58.55404775551314
40.147764745038245 58.160112172454085
40.79459762966376 59.57396228378931
38.989749851017905 59.44985013322641
40.20047650831191 63.490955029082286
40.19755028221377 58.40194825675251
39.798547358553805 60.870250550220305
43.55716562676552 58.86759836407553
40.92626391439238 59.3472765154781
46.87948023432934 56.86944849751428
45.364635983758774 54.84357292666245
47.298718775337015 56.76011846456854
43.6874980060304 58.238100570342574
43.83232740042507 58.36370876336988
45.07738290143063 55.221154728865976
45.55889349840913 61.206780699676166
41.438737370162144 58.98202584700606
43.445120730815454 54.27777072737538
41.36098928278388 57.032465906767115
40.36898652226337 56.688148374820294
40.904664309393766 57.89901969027026
39.414930514322506 59.919445672300654
46.98133022690393 57.966702216649324
41.530108055408334 59.608410016369916
43.69816749426628 57.51869936310816
46.52591695376282 57.99489820937639
42.097548093542436 57.01979166214899
44.45521107125981 62.271535173401574
37.439827475044 57.897703348579284
39.330529241176144 60.92457318915842
44.28832071856454 59.010411470653715
41.79065081838364 59.70925033963314
44.68549306211406 56.49422104858428
37.906847381445694 61.5007188413333
42.70169733559583 56.22582242856621
45.20527895835187 61.17415682713278
46.373107339620695 63.74570104183761
46.819518612451276 59.17768571652575
43.42629861530064 58.637498182711035
42.09305520673295 62.02086785257372
44.8966142604654 60.09519618354382
40.21820511677534 59.8549122778461
45.45370944766746 61.65516291572706
40.17055784791187 58.78143660536273
42.85431621327001 60.7318914529826
46.36333982212655 57.50631764462286
41.07383555808386 60.03451030670465
45.16523331773498 57.287105954956694
42.818365465956134 58.48065216306952
38.336355609186185 55.945862978055814
41.072024205775 60.79344469681956
44.23949516616042 60.887465009075456
42.17043676486957 61.14852292568156
47.119841453409144 59.78100902155185
44.01927273487558 55.230473839394854
42.22564379131185 61.74440694140768
41.84353267739016 57.8559420425105
38.77868109105225 57.526603428828196
42.9114736229272 55.278829778467994
46.0269364684926 60.53922911311814
42.85001872794775 59.4962522805208
42.274427324971676 60.850899997904115
39.91248439298167 56.525460328399156
37.32971395132218 59.33125344184914
37.89589019183009 57.10679150326311
44.57895187519695 59.090258294077394
40.7061477706805 57.26033817226942
44.10043920740887 56.14581561893195
43.75496114836946 55.838103921092966
40.24810711415623 59.57000038246845
39.701928482902964 60.39499933537365
41.20244127200823 60.19218673785394
42.69976687274913 62.029482732628416
38.94530242364151 58.33109816655727
39.04440099999758 55.43715591153138
44.53214338843045 61.55278697837097
40.33880923395793 58.026548806625954
39.22718752219672 59.63508325533356
42.7670862726272 60.89019805829593
42.6064327348216 60.017181971458655
39.31604925807743 62.24788671093599
48.44187679707389 57.828693385278164
45.14534050977033 59.0512081849827
42.6144954668157 57.54525516789537
44.37012737843125 56.20718262182781
43.5719675004413 61.362201225915214
37.87150999581475 58.79182207558223
44.207433054067465 61.42798528823384
41.432244408449925 58.704879561823255
43.74563313383734 56.35449251362895
42.95662062012331 57.442795154509426
39.091813926961976 59.397812917753434
45.97910822135918 57.05808389388447
44.25412050885142 59.4883472889194
42.70388705971532 58.35682388350342
44.15851691677262 59.05778658765139
43.020761179240466 57.08714176990958
41.12838953381338 55.990585305576445
42.76839263239707 54.24970818649813
44.11396001541614 58.5400583036213
42.23941334288256 58.637602788390275
43.18719986226533 58.13800439943834
43.198302141416434 57.89470866286042
41.81635819050001 55.57293294515223
42.792987186600364 57.63946876542205
43.570377274383176 61.709356964293974
42.6700550329939 60.28515889309628
44.01262439817526 62.878509912521494
43.107602080073214 58.311902282305596
43.46418422058622 59.29949229685989
44.415665436921095 57.394271520707385
42.9369602791919 60.17005788557355
40.362463168953305 57.42658659804495
46.28433548554226 53.97099127166163
42.33259234491678 60.5415964928433
42.87042029000928 58.56368881668941
43.67271114239601 57.19103544845046
38.83934110537409 51.73601960358596
41.59338790312884 59.57065334391067
40.719024971577724 60.133024459563785
46.67637271441887 57.14763488450405
45.10052478115662 57.29890962671706
44.959520241606626 58.676764256996506
40.924652996148495 58.20071820331121
44.51219985833568 57.61706621462977
40.98913349767516 58.67209132185508
46.1997900851733 55.53230244738563
46.30630864326583 57.64114799193265
40.91934088505043 59.07814020407404
41.260879607781376 61.27545248554724
43.12472391542632 55.980565259383994
39.10283400449177 62.72669583438382
44.75340618812416 59.663537288607806
37.92508677215855 59.211791633451796
42.58038440025153 59.475396340529265
42.34275054069756 59.7343173521332
43.74662311290802 54.65432015185383
43.89958401222189 61.94676949855014
46.29688005411379 56.200029282858644
44.093620659512176 59.35899001954342
41.901803072697746 59.78314647720261
38.83535593293116 60.3064032173291
42.50551301277734 56.075082238305384
45.231295394923706 56.29146117588585
46.112600400169605 60.52021191718255
41.9767870574341 62.522267845568514
43.38612331694895 58.68416052679044
40.29958771145992 57.5613925832524
40.21683916290918 58.11814282014459
47.939959943331424 61.70578059509894
41.612137397968674 57.071318569747945
38.954734960896296 57.36864065961625
41.72299000998774 63.1485426152981
39.26154680322369 57.97380890028543
43.92867814999783 58.942601276289494
45.56606601779623 57.961536592540455
44.35055483794131 57.57720657210004
45.0527780425191 58.002841260330285
44.14044232422463 59.36950105046373
42.4037455571576 57.53430242506033
36.87484900336398 56.78833184794366
41.716528993846275 53.743720755001576
42.687688184032275 55.69049737553756
42.374161482159195 63.517005884689716
45.95972535825305 61.21474981488222
43.130172171236524 60.79744552601961
40.831290570415916 57.96332332173
42.95743740353933 59.83743769596056
43.145802030115185 60.177905645925925
39.05402802135971 56.639378883559075
42.34423766510646 61.364962583759706
43.5232282791156 60.443800415147365
42.933798128312226 60.44511556906132
44.19670626451253 63.849643428302414
40.32959137954031 59.76060190103091
45.17804549933301 55.78198316240112
38.181260502820905 56.937513566085485
38.80184064754359 60.7197112180987
44.75815244583205 60.820781379577205
43.77104915358962 56.748675643290916
43.5011742153311 59.62790928039081
43.796572176993884 61.219837086868935
42.710820021961595 62.13307137693198
36.38054408563367 62.277097585790756
38.1301001690198 60.32196492575355
43.670252901812376 58.32847252206275
44.13322709188174 60.40019561537322
38.897073231362164 61.47780916455364
42.78766944266479 61.6769847273848
39.25906469262104 58.06885419826271
41.6409542524906 58.289325661750205
43.06498506641193 58.399675426245444
42.4594596764606 57.52012320324494
39.64876421343546 59.142854244609936
45.34921840563647 57.12839197924243
40.60559952728541 62.85832182043292
44.20419693239964 58.38127115434857
42.83335605060607 62.28388536316436
41.8191715967385 60.98264029826477
45.418877801258425 58.29625257925538
38.277233006024694 53.98879874084097
42.241738643358815 58.82621157908681
37.69043898504841 55.763111050470926
42.22364455533336 57.98058397764437
43.18754683545648 60.50992413688372
46.0501882431817 57.45304910617304
35.90455040523441 59.53056674152278
38.744636821654524 61.00059323224798
42.41241276511755 60.53694034911783
38.24078632763362 58.20587959027781
43.828621005757626 57.32700277938471
38.10253274570057 60.852078950796994
45.02536852092335 60.74287599600917
40.99294657394621 57.44348942974461
44.48455564526209 53.7295900773959
39.52761802085173 58.51346669069515
40.55609165202892 57.79388311669793
47.04712542958085 56.86507398650863
40.70599030915208 58.405789279547314
41.96524339887592 58.09537194789669
41.15853878196623 63.3518079001618
48.798047585899376 58.405598868127484
41.04053268047116 65.71776860812285
43.593624217486116 58.97723224453851
39.5034399113129 53.24904690769083
40.43462128776039 57.4705381423563
45.87142188110408 61.787170585104455
37.989561606942445 58.377624366857795
41.68260166624045 58.72885721433765
40.25361864633227 58.071667715508056
39.79021638212583 61.06498949709708
44.36566806406593 58.70909228993136
40.22413412404638 61.253434571936694
41.920759609615594 56.82526719708502
40.77746782559535 65.36386100855199
42.68524569241441 59.22545369290436
40.97466592265698 58.99475684211841
40.845006773346284 59.272462517426035
46.39998701859256 64.92241254888322
41.626556923017525 56.70245081387842
43.08079175003005 56.90426647662351
47.30952826035518 52.975307173467854
39.94785184182128 58.67658786848165
39.96902959938831 54.885635216552146
42.5879963582206 59.785680790987364
41.50040606636491 58.86677376754661
46.718475043504334 59.176642300804694
40.18901311083264 62.214744100064166
49.033057148510395 55.76914025403713
42.66965940894381 61.933549197498415
41.68301197869703 54.33751619332384
38.39595465390458 60.356425009943784
44.20197430238063 59.30568238708306
42.186951725038455 58.50171016589254
41.275976820514344 54.896596736228155
41.03228924550217 62.243558796888124
39.8726499188895 56.328112517478935
41.419265198286226 56.912134196649035
42.522068506929514 59.07106932764834
42.671684728085566 59.36374549697947
42.432157164237225 54.500732920585584
41.11039772956674 60.4859877825777
43.111062114041935 58.53731350733929
41.73065186913083 60.06766648714045
42.5718202876005 60.64270743745085
40.967194318176446 59.67211465321496
46.16642364589623 58.17488976306069
38.061783969074504 59.277486864713055
39.08503085377916 60.19409767136457
41.2529432568801 59.68631969246949
41.82355331691789 59.01547061237292
42.1698709171779 59.014557779958565
40.037136502532704 57.63959060532028
44.39368530274321 56.520837733381356
39.970239859365755 58.17817790466617
48.47036590755353 57.66423034465647
41.518569241354186 58.94398387611226
46.40576685382021 56.47749772256054
42.872858437345215 61.49917399533389
42.12184807950766 59.93031731709394
43.620691732583374 55.53971048117552
43.99816876701761 61.2494078232553
35.32961021493883 58.23073581989239
45.98533502134695 60.85429587823925
39.86717282350549 58.775621563143666
40.18055723079278 59.57714815002596
41.03953222309646 59.46742454168825
43.07794018027857 59.712890790486675
40.101322019463154 56.05704921215819
38.48925647925815 62.14910058022012
44.84228039795224 58.295097229996486
42.648903546995975 58.54305501746926
41.15177438877966 58.07988462463276
40.87557251241576 61.30179935668383
43.66373355165911 53.7412594821908
40.67840659420685 54.10733025847472
44.25691420667165 58.264483460669936
38.33856103820123 62.31532788590446
35.738754274442904 59.76412477056693
43.915103600393685 57.01376069482611
37.51289655189493 61.046645320363915
43.331066662741605 62.35190450141441
42.29315437978762 57.4163624277951
42.42283923525417 57.17838021342985
45.65613358357562 58.219850462330534
41.407797423857865 59.8309790809025
41.70971830258425 60.80476883490024
42.13240760047588 57.04541415831166
42.88957495866405 60.036625409943944
39.935853727199266 57.78149153854615
38.26231381191144 60.40622120697271
40.359746827025084 63.35975067308131
43.7611519804499 56.20453135837806
41.63587563239455 57.976707273784136
40.13501162220936 59.28865374092395
44.05951995024239 55.40246835349475
42.98179501332925 62.45405525851005
44.207627027441085 55.982099444946535
41.40521097609257 62.42689490885686
42.119368385420145 58.85713931940716
40.88401410101749 59.30495044848576
42.34733129028187 58.51820821064426
42.52147942959937 64.69036738447709
40.01483482750237 56.22751844313023
47.14691476590707 57.98352457272996
40.415799037277914 59.93354190576275
43.37886907397493 58.45618779168596
45.413676960416424 53.8645329546577
38.80950652064938 63.53406320610924
50.27837699854203 59.55481997745071
42.9047104888521 58.16372552820424
46.429945284298604 59.03495326309003
41.42546424338055 61.88700456346006
42.94611026228449 59.48127613330352
38.87888083478461 58.786567465716324
43.86581703529924 57.17545480117583
43.32447958292939 57.96531560507895
40.293425552259585 58.69685959930585
42.69930593221385 62.17114487503805
41.50681257725611 63.21496383947969
41.388472415162234 60.468307752746476
41.051255089784064 58.24275148363088
45.10567495090013 60.25485556378244
44.061382502029375 56.94961019673029
41.54467494555018 59.81755004586389
41.1956753115481 58.621826407750945
43.453374372145376 56.53717462883382
43.69033142609171 56.53416347770735
42.19560938522441 63.91144232460474
40.486662961670405 56.32833817545793
43.23646200481377 54.81035330225974
47.65068563991201 62.2889412185776
42.823260340320644 62.58864135354318
43.157219776723736 62.882728581587166
42.790965126779284 55.542801603815825
42.199655021788594 59.431689530269026
41.48380028810899 63.33238732489585
40.670773997720865 57.30343222255833
40.3287236797794 61.397642620532366
40.29892543622383 62.7208084122971
41.99332644953118 59.9103230558676
41.626470701518755 57.36536530084062
41.22359574705894 59.837780455528346
41.83911053569796 61.127189381148284
45.55474619008465 58.864250118581026
42.82162313497778 60.704268791781544
42.908524651253735 56.65794996008
42.790393041266015 60.82214639983312
40.77642276321196 62.44089321361852
43.36105420940941 59.30214572008368
43.22899440464908 60.73712390106184
44.86496187106124 54.86373060586745
40.331967666378716 62.37098366506999
45.031704491724966 59.83819751311511
45.46654592220264 59.152146567576246
38.90192091552367 58.07376374444389
39.68022372082171 59.27064956647556
41.57587482609688 59.044233409385605
44.37714721484476 59.8622528521038
41.905746284143255 60.95819695203555
45.924606457700335 59.64532865360216
42.79828199734487 64.07642047213973
40.74784611778069 59.91008497429061
40.86916314004994 60.082836657131175
39.41053372904077 64.35752831098162
44.70849081742958 59.75467760958201
46.18078327564524 54.684366715770125
41.80356805731545 61.26765830237735
42.588530426766695 58.404433724217206
43.374159221016136 57.75938052834445
39.5461200821245 60.349279582388945
45.3962316486911 59.5477527952744
39.94405322036522 57.84718164653333
41.98299893702428 58.63822551478959
39.19584916208919 64.20227681754027
42.02805380158358 62.90776444100855
47.57404824640075 57.160915184752525
40.91426357540475 60.22070749194559
45.5635705318393 59.420687555462536
37.43820331957106 59.839056698138926
41.199063689796496 57.495711692629534
41.26418213057497 62.498856379741085
41.56120835694877 61.84805698299745
44.22519327194559 54.945400989316106
42.46820214613273 57.04417594755606
43.492911603119076 57.48338632253781
39.010933647320876 59.57112901337934
38.57562297768907 58.59977113370366
41.216098036693275 57.95936366645533
41.81893154848386 61.225091033043775
42.596190686399225 59.006535939220996
46.766826171650536 57.52538571976598
39.262687785901676 59.25103402806656
43.137695846149434 64.6999574131902
39.20868774637663 57.08584806047414
47.30828570130344 63.74267754810816
41.591551535346234 58.59653348306665
41.36108767324923 57.35013082081337
43.353657029628764 57.02533186657484
42.68384712645705 60.781244600854535
43.135821746196875 59.27012936210549
40.04371688806327 59.71554161975639
41.84368338127112 55.96579844467181
44.26881185436524 62.14844432183801
45.96008999041556 58.74594888460754
46.49490452320169 62.025988121989116
40.561264170705954 58.66354672494264
40.54258045251326 66.23950272407183
39.681046327946554 62.52164120786028
40.44493956096346 59.114946648302116
43.421865674405694 61.382270393952176
41.191304964998174 60.31535505942948
40.81906552198733 59.66398091897251
37.70593129981674 57.316120345844965
42.17608205162951 57.556072048224415
42.771373831466406 60.631209567434354
42.50439225688793 57.88896382399022
42.38879519146369 61.633798677272125
41.3137339126895 62.27483256783185
43.97639327717738 58.35282087970363
41.27570720072563 58.55651274690802
43.68456429451945 60.93792659181041
42.01738633132078 59.02495099157559
42.65987826768243 60.17392320402496
40.05914752165765 58.9418806127181
44.584791859673835 52.10391173473201
40.90316140185642 56.73490926238494
41.44741531832688 59.696004595407736
40.28617734415243 57.55570562009758
47.091544724266925 59.452733205903115
40.28867100433512 58.65259844504133
38.63836477762954 62.08047347268067
40.27334537167218 59.99331497113971
46.31550730338083 62.163794091877364
42.98346695497817 59.48985820055921
39.17371826292108 60.49722077657592
40.88191502971275 62.94738791172705
43.76727465746409 58.60368857948098
40.11682051702372 56.50922416869524
37.23774089127569 57.17957007759479
40.16632878882957 52.48980141242679
40.54900216757523 57.57898479569643
39.78423858155119 58.87447685359008
41.11590719753557 59.79884739628068
41.05580763923402 54.78254824779435
38.02088888592986 58.3765329496398
44.88657815534788 58.14465937229535
42.87591580540133 59.39785954568501
41.81066962873408 58.12519048106153
42.85540574826571 60.193309546634254
42.94589634639363 55.200813362731736
44.6995305230372 56.06017865805853
39.29560784403605 56.71050883659255
38.44305606266937 59.26662995851789
44.34887525470409 55.796179227004195
40.90397309946249 55.71900512292661
37.99432967934697 55.925226048174736
39.6420612338007 54.48483052625339
44.686390936456725 62.458069440613386
40.761264976581145 58.257698105064414
41.20115995227439 57.46745686421198
43.315806365449156 61.26546103015868
41.14297417920486 61.41147528227331
39.53675110554518 58.529487831670224
40.280022378360606 59.06950669755727
42.34567872138039 62.78063642853831
41.785649098556256 57.114864870330806
42.56475836536719 57.31356837619216
45.500765524563676 58.70379693346022
42.10157872652707 59.35131849693461
45.50363121385249 55.029700812477266
45.89039673895512 59.34927546757791
39.458247363338664 61.36469267662606
45.64972428802132 63.7574075363554
41.7171532618861 58.52843495580421
45.42121628874249 56.688229657623765
37.81445762872237 58.92276019426864
41.18338662410938 54.427026937938216
44.51695997404155 53.668388931657304
38.264767124821965 57.773320085393834
46.01673460305072 56.61416431242324
43.146769543778326 60.48749456039187
43.9246034946979 55.26584674806574
44.55402607417787 54.23160793019969
44.01592300303053 59.313551074646874
44.260221364112176 55.59973293959429
40.9188571038177 57.30079845598921
45.38911772767664 58.923263860243495
40.96005846951811 57.422197314560044
43.20107511100698 60.77756776549029
39.00404525992969 57.747065191805156
40.57589324801843 67.11355120569822
41.83578485785242 59.027467997657304
42.0368834764101 57.05083436772652
40.831276964598786 56.85598746421163
40.69873509608382 59.51897010455528
37.84180978457397 56.79706354740971
41.18895371982836 60.067476960719986
45.573255907597066 59.05328994859812
42.57986405108205 63.87307258955328
42.16062089105401 64.49494180526347
39.7766688607167 56.83245405798255
42.187321808742304 59.8734160555632
43.02459517847862 59.58446033824606
43.87885162111953 55.41044693774747
43.30830511250148 57.49771662164098
49.042087989032694 57.7819779878907
43.38732477528275 61.63144707007886
40.943474655533045 56.673240658546966
43.53519927843824 60.18565919641685
44.595862382076625 61.44503404236794
41.07966939015307 58.274336837037254
37.061212379865395 54.26181985644612
43.096692392319696 56.99000257842746
41.9436811316812 56.81376519928312
43.00481611538927 56.258897416311605
38.278419814413674 57.37176300578813
43.14574017087795 60.57667732858708
48.74728650211237 60.2972705250181
47.10837258316993 58.68704108294044
42.87814927291501 58.929844928035315
43.88327427914003 58.38836167674981
41.91395661510725 54.3949719546059
47.270043019244554 56.36700283625002
39.82091808726352 60.027915608296944
41.464846018695525 61.19452233130958
43.645647791529676 60.970218886811544
44.64622375539552 59.38294571728366
45.175343701777805 58.96773179825
40.0358061110766 59.25187093416115
43.780508726246495 60.41484231767541
40.97396940832246 58.472271810383056
45.0566508823453 56.900404269257365
47.51889202708437 57.32577955201705
42.27869832382623 61.71302784912642
42.96400429602135 59.07685041200911
39.89991033635796 59.65452330312784
43.43903554450762 61.36884630368075
38.8595505552975 62.85751488258279
41.98572453764987 54.687642001914696
38.35644683093084 59.942806515570425
44.63220165782913 58.691253465938345
43.664399650597616 59.09436538170666
45.30493883109328 60.53921441447264
45.19497625737306 59.393418137760854
43.774356901751254 60.400937616854186
41.84043248662571 58.3320370866212
38.717760397336356 57.8472124047001
41.44157671426926 55.85780948584461
39.002378432017714 61.86460057998151
40.98025645019785 58.251823662073654
42.28868882606409 64.88748607042194
41.512643310495626 57.954986090206326
37.25922247194331 57.85806737339341
44.20946228013762 59.57262445127303
37.746529735719434 60.133087396662724
45.0819806530122 59.43489219545079
42.01782732571614 57.376615874091144
43.78102511142864 56.78082622584487
39.794137218774765 58.94389660284517
44.047220994352045 58.99119572577055
42.79199839718749 62.666026704477375
44.34906110000508 61.53988651740418
43.96783023275663 60.38834298478727
42.353749440884734 62.63753653062829
40.67709716492068 59.624148838884075
40.20456664101455 64.24810333582268
38.027936854436675 60.54979335350439
41.90185649084657 58.153537382230944
43.46613610577759 62.65754711225361
39.67930086846302 58.79941078071008
18.215914746943422 52.816674738892885
26.453315553942158 67.92036564257722
58.423748263670284 80.83888977400233
61.95396936188702 34.12683285886928
68.82240298645317 55.54423487501433
56.48232701576386 57.428395474128855
51.32500483892943 39.95775831426115
57.52153661393991 35.98790426054435
50.665767752704085 39.74215146323945
42.303409229854054 78.95199860952246
41.36529890993922 50.02890944875029
59.71730791935559 52.568132251318644
51.8718815632239 42.07031922499211
36.49891997939135 69.80527901881712
66.63070489168567 52.150026437393315
23.376063089832947 44.148020075120655
53.11006401788365 30.996345772466473
28.009941461489905 68.35953640137328
53.55141615040503 59.14101465730121
23.75343979031982 36.179403814716224
59.024103503475054 77.37241112055331
18.30172428248219 48.53732636142957
25.511128444404456 63.79837211317234
29.97866439955832 72.61729554712623
44.54927845824466 50.76051105210551
62.310616053877965 72.73129317455607
31.96828343692799 57.840768188413925
57.05036978486726 45.92904593765734
53.211589060558104 84.09918812473596
34.06965710935131 36.31754068261303
49.92346566058157 43.58944246430557
37.54659091232536 81.98467601417514
41.78331382778368 29.824180838777643
20.445621920231993 71.2655934590423
41.23653934310055 34.0648102199909
36.35634900819162 61.75569327044025
42.94257417332662 44.68344052324266
61.48985320072855 55.077535726568904
52.08253125521585 63.03211804094162
36.248276253533064 40.54326808958924
32.7791243331362 52.488319352424995
63.29880117382424 66.01454988516501
53.1097318257382 53.554274373998254
39.873306000418296 48.31207658795343
26.097645829787307 49.696996710123095
71.07028590374766 56.498940002458866
46.54061059868135 48.72506346545563
31.602564342620347 49.57223018934123
20.87870820158535 73.1506832359006
34.42051291691928 47.66430958490322
64.78189180414759 58.056351095258854
33.4481767082433 33.74724416574046
62.35457279553709 75.76883476755285
55.50066666859278 75.25741737400342
35.638254165892356 61.7897759774213
36.57499548923757 41.50711289174532
41.94599222060813 53.20447077307634
39.058000911713805 69.70681044894611
33.72212511028941 76.92702390890972
19.195853468982015 66.5792080871133
66.9168315731716 49.60381996585559
48.75337052344645 68.27331672581779
42.93896875028337 81.52439713287161
18.294141755095755 54.05820980734028
51.801249982919565 74.35190052834734
50.94601165534255 30.16919441110274
52.0999775495232 42.196927605780246
19.218248963835023 62.11076195514108
43.66821095315341 85.33007073018997
45.6541541535088 29.04422684535346
21.213703406800104 52.48082545733207
35.28219891603148 52.585696605903976
42.89194077968443 75.57770687295938
28.134219780381496 62.569754066573736
47.8587529062982 78.48784121515287
19.71041260944736 58.20697760616246
63.24237705313047 79.30479631527152
31.072641947130613 73.83912715182773
38.45351552174959 73.88163489881592
47.44997495990658 85.50062984361576
69.87354556919247 54.888333326387304
67.88390548754775 42.69033429691988
46.18801184393375 34.15772196313258
43.48070728755917 81.14802883071502
25.827560248492954 58.645096186313914
29.43400294264922 63.48201309660326
60.57501860733887 77.9384662297669
67.95304578874516 55.97142784343654
30.13486055438118 41.078720838886376
64.79478860797575 72.97029194080159
62.4802127900669 61.29140392694406
38.8602168312668 29.74502139602859
48.92012924644754 69.7619640661601
47.10312543736349 86.05558418856617
33.103756462773006 63.57926377053255
53.005178873595035 77.08492774673758
35.50119129087098 69.44149997639309
37.898711985624765 29.606147287712005
40.92918543457358 56.086434788064174
27.975854130168425 50.2580254807515
25.770459147946735 70.06075705736747
33.398079402588706 30.05191457599527
20.22934589054579 67.38142391893851
34.862769024809396 78.4657092434599
33.61346855896717 44.63420655973653
48.97111786005766 62.31944507571695
58.657611099749154 61.79312564877068
36.80199767169429 60.99375349137524
52.138280322252484 46.54245583811598
72.05059869248147 49.87500332567721
47.567135985340194 48.592666396701304
38.915205517928634 57.45079501413627
58.543255318365105 74.03878837259137
33.090525112980885 81.91277076843461
66.19613503683635 47.981237612515024
45.829960686254886 55.39329657720526
59.069996638874144 32.033690680501024
73.35045013306964 62.82934836302198
37.172467767590284 77.6323454735375
46.53377624927041 83.57171459241516
25.375003879935587 54.340881296776956
59.24157171987834 57.25840307805722
63.275478186431044 62.777875952620896
42.58512515337641 72.23546463078482
20.56196754746938 65.61500801219823
33.29117386029602 79.74593167130125
22.50975635495051 60.453658347245565
64.15943683359644 68.5162875112338
70.78783888449858 70.73265988854554
66.98161885299818 75.54271089275633
32.59539570298527 72.11535700919188
45.55483808069849 83.81529920824956
44.38041173993198 83.3175062186479
67.45596817411652 59.97958478576536
43.66710779593494 78.71057374421018
68.92267426821927 46.458525606289705
35.71906953598474 38.97635283419496
17.014079364631808 46.63758862584483
61.1130942806146 41.38340759045752
23.707258730052974 48.328735190565205
32.12157882827113 56.75095988949174
37.10516582629935 37.924956131640464
38.775207436613265 68.02804738819852
67.53041577903942 44.57290611251097
53.521706047610174 39.516705025134016
58.26707166339236 62.435007760851704
33.83867960607375 74.11055658939215
51.16797543292766 60.39814335583979
41.437239630785896 76.49768767729864
25.25226699652722 45.8514757435095
56.46824647336541 57.97315629130586
38.84439641662436 73.71810444152119
50.81645376015148 50.48590138648699
17.04776076054046 61.83736518517464
48.486910498274 51.84900427943758
62.655740580874934 50.32980699326149
59.76608585395823 42.70547562044307
63.02011078808791 37.24687190934092
61.12141004784425 51.57951938869011
66.11592644536765 42.81042648579899
64.19159088774664 50.77142573571236
30.124816230395172 55.00233908931319
45.982672359766916 50.87244926496351
61.71739082323384 43.81352820514922
46.037365617788915 79.11348543107766
31.06947500250564 59.1380328770866
63.223639838436796 63.28588369669802
50.98897402056154 39.79705973076099
26.13118602692253 52.34402261485006
34.191774367851494 54.70423527525645
48.16063662499438 70.0045616498615
18.74176164610457 65.90218438618228
46.943844966171994 32.368035455268455
66.42886582583326 52.08906264732298
47.67201674832411 41.716987536685465
46.570070740255495 43.42964516548021
54.351774390700704 38.94485509412801
62.49922187656608 73.80331867783376
40.02694972724689 55.46889250950405
61.787287276737246 68.72365514161937
71.00523251732768 48.351530527844375
35.49874510170278 73.39534250517539
41.570986830357405 62.69143187378826
44.46277648692781 75.30786753225469
48.695106829993605 33.358966450142034
46.09845099861919 53.99741959240817
23.757798753893 51.366570266345676
52.35822432220903 54.693715200997815
31.505114826009482 53.31522399082551
24.20290040149511 65.74203450070114
23.902526560933126 48.14927325301533
26.024248715290348 37.91579021593127
45.153229119695425 70.40507091023649
58.09494792309643 32.58510532022855
66.55230133390917 71.54117173429412
46.79773286370425 58.01179801598484
24.620700651794373 64.84205735917564
49.14350700221708 48.48191082738628
38.71017111759862 36.79917923997109
62.752582688420446 75.54832719818816
