67.37378725320428 61.455784313614004
28.74420247799595 57.707493017898315
33.60675871164354 44.59788023458988
49.028828775507534 80.04522189387173
37.35098926039902 83.80297908511976
27.74069327414106 55.924801211670236
38.325269361590145 63.24204160958878
20.098287159589805 58.98425094244293
47.11803091239102 78.64292724345754
64.96396173720464 70.78784653009862
57.808005099773915 73.02381347570174
58.86214182498117 64.63249771443222
37.204385544725085 49.1175399796332
41.61646348297744 82.84109011367775
25.726995154006598 51.03486061129241
27.038378143887314 60.61405871326262
25.16558519991614 47.96880765779718
22.243543437940634 52.64422843029725
44.54081846310246 47.982443911148934
22.07070839490966 66.50038552985897
36.47032087153671 68.20922736742338
63.9897697193368 50.08305264075275
34.591266154248814 65.86743079059504
26.486645843740387 69.55608408465596
65.07120449763913 56.820765861240055
58.54908250150396 56.40848325611546
37.73687908485062 66.83162595090202
49.34490488216633 55.02199045657037
47.71425816666498 47.72710608074339
63.122745888866525 75.1286796450763
57.492471283933675 58.93053715866207
22.107343601101 56.570272980269586
20.341386766678113 54.91814571741828
36.14514854265008 75.12900265950591
57.95612445282236 76.26505988776029
30.387245198581258 59.34585934941698
51.08638921557392 83.65025216701082
56.458879778660446 71.76272622149801
53.063178958515024 39.0050123896488
43.539538488281416 82.55605520847091
57.59270376558404 77.82147438136961
58.25924452492608 65.33528234986011
30.52257506850037 71.71448052811868
42.965609937932435 81.61352137469035
62.392247733065396 45.67834888154998
58.58956938288349 62.23298123047236
20.76983057190264 61.032096622900525
37.223182063561055 46.95019748490372
50.56907946510729 49.974761398537346
51.11126526594026 67.33158631674918
20.894765195054827 62.74363250259233
22.091706396542175 52.83067700953422
53.99474004247134 49.79546734877515
64.52900725115633 51.77916922951247
57.99726140168412 50.085873438630216
42.137086442934795 80.99947371379602
31.556602665442853 40.25642641975149
23.701919863327706 69.68789028120672
30.782404278111354 68.52569289956998
43.200008499595405 50.98565230480262
57.2495452308479 59.29992692511268
36.66307937703571 59.63268294759334
36.47541496725884 51.55693409732183
42.09618813291628 54.84924905522196
46.3470414653928 60.87253874359798
34.88325832921833 56.07016048216067
41.05859680584725 75.35368641441866
36.547393573020834 44.500519425165706
55.695285764951905 57.63759971119677
53.59815808463272 40.811845386971946
57.857299973021405 59.79984598219925
56.87835735918674 47.24742601970885
29.18659924470145 62.133501488651746
58.4195642573537 41.55734470131812
26.866174171824795 41.73802181509989
43.08904011246257 53.4326471866422
57.56443372412401 48.05777991678793
38.737805853047554 43.18611532039257
50.4022610265277 75.45070683543341
62.61796029570063 44.67514920482488
60.38015621147631 76.94590497460311
32.61826028694805 63.19507937303922
29.801449504666866 40.955788547823275
55.78627841666523 38.822154300978596
53.30789685898394 45.63247018843255
63.19216453955596 64.02922095469084
48.102626182204 61.317208032401815
46.026306663048565 84.24718795037151
57.847790052764324 79.59282895661275
68.38984197198724 65.932447978946
54.39736713806148 53.03169793258612
56.091891045308614 79.32456045092324
42.0624250979292 73.58835154822701
65.46953180114794 49.94121735293983
37.42217818292569 65.06706115794132
46.54119679317208 77.72281044093974
66.01194228352665 68.35323047506313
22.48037670051864 52.309197142247676
31.924647636140453 48.788618518631914
21.938823094633157 60.03679802543874
