43.11237961239927 57.154527726494834
44.39130690130787 53.64591442251936
47.79586243990476 59.597513967325355
54.38660028280138 57.88731078902557
45.908955463689786 60.683711224368494
48.19966770519639 65.59782054126113
47.72736927189108 70.22431274649988
52.346946309666805 66.79169542757685
47.38234636347893 63.44675571123848
51.99994190240657 53.63666977512004
47.34923376737852 53.17458759647149
48.534998073852336 70.11628005965271
42.14855855043154 55.352973032136944
46.019895164530304 66.6986168787066
42.3408806381316 62.649116020060966
55.68460859304254 65.13038310640086
56.621272153493315 63.6566160737726
43.496645149348865 69.40698961882616
53.70341889533889 59.36684900935677
48.19527164758099 53.8365038855185
49.72046231036572 54.27591410454947
55.59767185867791 59.2728619763211
40.48617859659881 65.3849815578064
47.382968912955036 53.10166237274119
44.50499829690396 62.40531146539895
39.38080563674673 61.041427285251416
55.25507195308536 66.85959742150223
47.44582670414929 56.7514894755088
50.52744567217178 71.18265663204939
55.33710022316662 62.287846770215474
53.720170662301115 65.23121270202421
50.274697860334726 61.535636563199525
41.352605193858096 55.33240683107196
40.42763723151195 63.91361663274985
41.13181941405436 59.701267390184874
53.43318078497579 60.28605383629208
46.515759935518155 59.73393902111096
40.29373852379884 63.49395195590846
48.93700349055173 62.53669375559133
48.41591338753698 61.16162213086367
47.53658227771 71.21533900329267
47.192607071099815 59.00204516031516
44.85430698671446 55.803707682458366
44.55188474820236 65.68151605006867
45.376646028985675 57.12406879130027
47.781181395757635 53.824612115289504
44.99848760976516 58.21107263960603
54.01102139438535 66.80448718942229
42.44737260880774 66.95670449702746
43.37141853676037 60.970930276524285
49.25983927528396 63.906814634930306
47.672317432229654 56.08039998959756
51.75459323674273 69.82411317628821
52.098636034581446 64.41167365371243
42.587932176686 56.81737723028652
42.853916245059274 67.72851817119128
50.722635328998535 53.270824915546264
49.72958778163034 61.005235065728336
47.597171877026184 68.1004015575021
47.968594628561405 68.05934048479102
46.413280374643875 55.642703936701785
51.22697505337749 69.30172782719163
50.06941279644527 58.39871427705938
44.69244686013735 57.47840818558826
55.105998779871946 66.02897134065357
53.388028986001956 58.74936913555388
50.34589617810074 58.27344896737758
47.4361519875123 63.584589939097604
45.00876069155924 70.1724957877891
55.44730461729467 57.310031293794395
43.96148351245908 54.80100455218475
40.804151746270975 59.991297996096094
55.83722867403815 57.045882177615724
48.21716941614721 64.60742980109295
47.17521578718883 63.143039173327075
56.919630563172255 62.33058793846735
55.70169923926426 63.1687851681338
45.732301111241114 53.177167739527455
47.05763372493318 60.57345424777058
47.51970780580553 56.19152882173051
52.00025138255453 64.67206222171419
38.90750567420126 63.17722908156358
49.09806507580073 57.37050108548571
41.283239563376064 67.82529480696165
50.982713509697476 67.05830041524122
42.91425084853538 62.973394156819815
41.7975688757455 63.69184200752742
41.94375125451923 58.8756444855641
53.504889065726644 63.184143638516076
52.85342596165039 64.6605909831587
41.88922204244597 60.56920047757905
57.09387314061347 59.95214138370007
55.978912405507074 62.54107906671881
54.200837378387746 58.54287250691458
48.882339358071924 60.94272684584475
54.01733129112569 69.272482433628
55.75142205207362 63.66323409927327
45.989143706013 62.90173760616783
49.94252567290828 55.11018249713333
48.16813248259037 54.730909802614306
20.472236239768467 60.2187556206499
23.854274365614316 61.458713150773484
19.890438424589995 60.58574594097653
23.960156907570283 68.24187008703377
22.32119171438544 61.37045659650179
18.83661516551791 61.90262801288755
17.22810726399859 55.94199117739238
18.99778985309901 62.13502554869967
24.022304641317966 58.83320494890118
20.563622771424583 59.135202553939706
24.408289382469523 59.8417222626954
24.290010818680358 59.21162076872663
24.355579365334005 65.61608360110563
21.4405786860472 60.40739087102046
24.00593177368738 61.13574637490991
20.78454093953866 61.06456831775241
19.241948667530036 60.378436880830286
23.04604735676446 61.92656747927868
17.74476960345606 62.35703100791585
20.263996359111275 64.48222745790187
21.54300155935834 63.19192712751892
22.39787582596685 61.48480737824767
21.679165237687865 60.5077452962001
20.039748100273236 59.1853827940576
19.8870655597172 58.61660340882897
22.790657241177676 64.6929374258814
22.84942101754101 64.83137885272055
23.221576834076945 61.1878871485809
18.518246954482727 53.332219366833264
19.624419574389083 64.47323414248258
18.98025550861957 65.79528266160864
20.627754056986262 58.27199986668635
19.009058984688544 63.49272403386729
23.746485759213236 58.431586124653364
20.691697467885035 65.45142996830972
16.993909883370204 64.25556288165282
23.562380188808486 63.41431443633403
26.76025421580282 59.88076391261187
24.802799351477404 61.14203958995789
18.258670275061593 55.229160594610235
20.241903834273188 55.789213783867574
21.939646435291014 62.61708669500153
24.485448679800427 62.72272944049401
22.861969601764617 68.60688233242116
24.656868865693333 57.61713363560466
17.804328213107794 65.01307707100722
20.068906272845712 66.22985844042952
16.99155540702409 62.752382539426634
13.268061437775616 63.69661101406061
18.210068465278194 63.35730960740492
26.15741847091576 66.49531080334495
18.871172980967916 63.072453988949015
18.179895476438546 59.24833172405178
22.147572317429606 61.57750125062934
18.425782347543528 65.1050086529089
22.52524152663012 63.645560278539335
20.680823910334496 63.86515913816345
21.958612543289004 59.84826071326182
25.826021218004435 63.212230337662554
24.509144316015483 65.96680246622442
18.805554197185312 57.35326464327366
22.705058280125645 63.423838750906384
19.975986662943313 64.16296944799767
17.543286083882986 58.59038816518935
20.572860002332245 61.17097613977101
25.621172041236846 61.738734701390186
17.510383115704663 60.510564514436325
19.51945048426328 63.370659373799086
19.66243376941724 64.19026852816894
21.646537630902937 59.23725157622106
19.95428753897448 66.06731113189234
25.10586262177883 59.153700997618664
20.66029041591655 59.565544416423535
25.20105437552438 65.02532935648344
17.53001788556165 58.2801651810742
10.651666293965516 59.04366429738119
21.81431661736246 58.96117074150271
22.41804022557106 63.1796328116635
21.69893750845663 63.300301821532614
15.268804215672743 60.43810710022868
18.998832886423422 58.08933286012883
16.208686211610896 61.23863716968413
19.154056419769237 58.41016970330164
26.350712988795323 66.13928570694878
21.515686507481444 59.87882490628863
20.21894616373807 64.57480649090705
20.016399593939344 64.06693728930772
20.760490101509358 60.34557313169645
20.570831665503906 62.81574818697651
19.96429733460971 56.79901790758629
19.01490358234049 60.34528943691934
22.768869668871165 60.355895403488915
21.24054233200096 63.66893300734142
27.473305305092406 58.87353359635246
17.860949706350084 67.64318844083486
21.032787089100193 65.15044946333809
21.67733755159212 63.68883371437873
18.01870790909276 61.506958049747595
22.38672512446668 63.31556761341618
19.96558706190159 54.63226191222621
